GEN: 0
Individuo: 
[0.696474452654981, 0.6966734886355458, 0.49450251699278625, 4.265347282133755, 3.2408588097722193, 0.9637017070562309, 0.7233872919891846, 0.12220189538869096, 0.6932436974595266, 0.7994907411848188, 0.7511664519848167, 0.35179411600123556, 9.582030825543324, 11.968857134842839, 20.169330008312315, 7.4546198518636615, 13.631289875351204, 12.461429009356525, 23.912724327071942, 8.063064771501445, 9.32733321616056, 8.376455178366701, 3.037960322255276, 2.3931108754005677, 4.939015787138798, 2.668112879475615, 4.333772936363692, 6.823488132075374, 9.193944249560518, 5.900415745416497, 5.6487410786086185, 1.0498783775007916, 3.6249665569046914, 9.977705411598944, 1.5503603747666912, 4.226003630401398, 0.7617100149828798, 0.9528786303291034]
APTIDAO: 
115.4585475643523GEN: 100
Individuo: 
[0.7187807737343704, 0.9393159121386362, 2.9155488791181137, 3.507430128716899, 4.596457172961368, 0.590293163462632, 0.3870265348771618, 0.49278510889073746, 0.5884177646663278, 0.43609530250554013, 0.826348987426364, 0.2625357436377569, 5.731031165407842, 6.410710312400391, 6.841320211562319, 8.59241250791478, 4.092458487315078, 3.416509444266155, 10.853437149273805, 3.887275723540941, 1.7317950180964286, 1.8583019280058442, 2.6767896238877245, 3.4926300395757153, 3.123166595130701, 1.1044544075585143, 6.144987083702074, 3.43093505655938, 2.396476227088118, 4.6473857205716795, 0.8819305428312658, 1.2389052761328496, 10.555821983978062, 7.342760622274114, 7.810154645829863, 0.9440888966073536, 2.570090074476981, 3.823274416059062]
APTIDAO: 
42.20252701347617GEN: 200
Individuo: 
[0.7187807737343704, 0.8878612897118071, 2.9155488791181137, 3.507430128716899, 4.594397903812785, 0.590293163462632, 0.4099114935377787, 0.49278510889073746, 0.5884177646663278, 0.43609530250554013, 0.826348987426364, 0.2625357436377569, 4.985326424449968, 5.391351140324185, 6.841320211562319, 8.59241250791478, 10.700382525632257, 3.416509444266155, 10.71929107701658, 3.887275723540941, 0.7994647895828508, 1.8583019280058442, 2.6767896238877245, 3.731514510398856, 3.123166595130701, 0.6819774215574409, 6.144987083702074, 3.43093505655938, 2.396476227088118, 4.6473857205716795, 0.8819305428312658, 1.180613351278295, 17.98282835994875, 7.342760622274114, 7.810154645829863, 1.6618270379719684, 2.570090074476981, 10.93155055605658]
APTIDAO: 
39.48171092985707GEN: 300
Individuo: 
[0.7200530917777532, 0.9310864356483437, 2.9155488791181137, 3.507430128716899, 4.594397903812785, 0.5533954576483515, 0.4099114935377787, 0.49278510889073746, 0.5884177646663278, 0.47939920601437225, 0.8247687395237453, 0.2625357436377569, 4.985326424449968, 5.391351140324185, 6.841320211562319, 8.59241250791478, 24.74123485455116, 3.416509444266155, 8.768537785140548, 1.674938876856136, 1.134489439912679, 1.8583019280058442, 2.6767896238877245, 3.731514510398856, 2.1929566321888347, 0.6819774215574409, 6.144987083702074, 3.43093505655938, 2.9369175329369996, 1.9322945233583124, 0.8819305428312658, 1.180613351278295, 17.98282835994875, 7.342760622274114, 7.810154645829863, 1.0239267414419195, 2.570090074476981, 13.646094140624596]
APTIDAO: 
38.69825377000008GEN: 400
Individuo: 
[0.7200530917777532, 0.9310864356483437, 2.9155488791181137, 3.507430128716899, 4.586840073156293, 0.5524958786429134, 0.41481244433369374, 0.49278510889073746, 0.5884177646663278, 0.47939920601437225, 0.8247687395237453, 0.2625357436377569, 4.985326424449968, 5.391351140324185, 6.841320211562319, 8.59241250791478, 24.74123485455116, 3.416509444266155, 8.768537785140548, 1.674938876856136, 1.134489439912679, 1.8583019280058442, 2.6767896238877245, 3.5406150433542574, 2.9410020463214286, 0.7636984509664784, 6.144987083702074, 3.43093505655938, 2.9369175329369996, 1.9322945233583124, 0.8819305428312658, 1.180613351278295, 17.98282835994875, 7.342760622274114, 7.810154645829863, 1.0239267414419195, 2.570090074476981, 13.646094140624596]
APTIDAO: 
38.62177696796295GEN: 500
Individuo: 
[0.7854744597273476, 1.0782844089982215, 2.6443637553470962, 3.507430128716899, 4.586840073156293, 0.5524958786429134, 0.41481244433369374, 0.49278510889073746, 0.5884177646663278, 0.47939920601437225, 0.8247687395237453, 0.2617651036075374, 4.985326424449968, 5.391351140324185, 6.841320211562319, 24.304404670119546, 24.74123485455116, 3.416509444266155, 7.271645807455439, 1.343481015647635, 0.6668266152631873, 1.8196092319428279, 2.6767896238877245, 3.5406150433542574, 2.9410020463214286, 0.7636984509664784, 6.144987083702074, 3.43093505655938, 2.9369175329369996, 1.9322945233583124, 0.8169361436093489, 1.180613351278295, 17.98282835994875, 7.342760622274114, 10.468299577970914, 1.0239267414419195, 2.570090074476981, 14.394830558513569]
APTIDAO: 
37.70781019751864GEN: 600
Individuo: 
[0.7854744597273476, 1.0782844089982215, 2.6443637553470962, 3.507430128716899, 4.586840073156293, 0.55314324024891, 0.41481244433369374, 0.49278510889073746, 0.5884177646663278, 0.47939920601437225, 0.7977360702530442, 0.2617651036075374, 4.218679276106444, 4.586690431295503, 4.487298494925986, 21.524554875934346, 24.74123485455116, 2.2274236376787924, 13.656770393234412, 1.343481015647635, 0.6668266152631873, 1.8196092319428279, 2.6767896238877245, 3.5406150433542574, 1.4200500122155502, 0.7636984509664784, 6.144987083702074, 3.43093505655938, 2.9369175329369996, 1.2715357962737772, 0.8169361436093489, 0.9190435080039226, 7.975870018335795, 9.119979950541147, 6.164932982461718, 1.0239267414419195, 2.551791563172498, 18.226051875629647]
APTIDAO: 
34.763589374626946GEN: 700
Individuo: 
[0.7854744597273476, 1.0782844089982215, 2.6443637553470962, 3.507430128716899, 4.586840073156293, 0.5806331476212444, 0.4450802588942893, 0.49278510889073746, 0.5884177646663278, 0.4950340057045787, 0.7977360702530442, 0.2606375085427521, 4.218679276106444, 4.586690431295503, 4.487298494925986, 16.198657430602132, 24.953849294612763, 2.2274236376787924, 13.843239958439552, 1.343481015647635, 0.6668266152631873, 1.8196092319428279, 2.6767896238877245, 3.5406150433542574, 1.4913512044928816, 1.5182418480263047, 6.144987083702074, 3.43093505655938, 2.7047009194471237, 1.2715357962737772, 0.9790014782501395, 0.9190435080039226, 7.975870018335795, 9.119979950541147, 4.489113978724584, 0.5953097107248773, 2.551791563172498, 14.192257514138753]
APTIDAO: 
33.275640133859795GEN: 800
Individuo: 
[0.7854744597273476, 1.0782844089982215, 2.6443637553470962, 3.507430128716899, 4.586840073156293, 0.577047553942763, 0.4450802588942893, 0.49278510889073746, 0.5884177646663278, 0.5161526122696479, 0.7977360702530442, 0.2606375085427521, 4.218679276106444, 4.586690431295503, 4.487298494925986, 14.972849077350759, 17.469425458942403, 2.2274236376787924, 11.579982223512275, 1.343481015647635, 0.6668266152631873, 1.8196092319428279, 2.6767896238877245, 3.5406150433542574, 0.9598403888497619, 1.5182418480263047, 6.144987083702074, 3.43093505655938, 1.8903815834592903, 1.2715357962737772, 0.9790014782501395, 0.9190435080039226, 7.975870018335795, 9.119979950541147, 4.179357772113845, 0.6079150364354607, 2.551791563172498, 22.94658827441936]
APTIDAO: 
32.87189312647307GEN: 900
Individuo: 
[0.7883096062070543, 1.0782844089982215, 2.6443637553470962, 3.507430128716899, 4.585721611006691, 0.577047553942763, 0.4450802588942893, 0.49278510889073746, 0.5884177646663278, 0.5161526122696479, 0.7977360702530442, 0.2606375085427521, 4.218679276106444, 4.586690431295503, 4.487298494925986, 14.972849077350759, 23.051834544137726, 2.2274236376787924, 11.579982223512275, 1.5236763255855552, 0.6668266152631873, 1.8196092319428279, 2.6767896238877245, 1.1768843284108244, 0.9598403888497619, 1.5182418480263047, 6.144987083702074, 3.43093505655938, 1.8903815834592903, 1.2715357962737772, 0.9790014782501395, 0.9190435080039226, 7.975870018335795, 9.119979950541147, 4.179357772113845, 0.9962891121001655, 2.551791563172498, 22.94658827441936]
APTIDAO: 
32.84689449886141GEN: 1000
Individuo: 
[0.8886295613344709, 1.0782844089982215, 2.6367966378458036, 2.9099475731656073, 4.585721611006691, 0.577047553942763, 0.4450802588942893, 0.49278510889073746, 0.5884177646663278, 0.5161526122696479, 0.7963993563475049, 0.2606375085427521, 4.218679276106444, 4.586690431295503, 4.487298494925986, 12.243914766030136, 24.023916726149878, 2.2274236376787924, 9.599829370953653, 2.226415266673285, 0.6668266152631873, 1.1189185484666533, 4.526818094208147, 1.1768843284108244, 0.9598403888497619, 1.5182418480263047, 6.144987083702074, 3.43093505655938, 1.8903815834592903, 1.6147133973301135, 0.9790014782501395, 0.9190435080039226, 7.975870018335795, 9.119979950541147, 2.2534142202644265, 0.8501967626572041, 2.551791563172498, 41.84970954054574]
APTIDAO: 
32.532474840709284GEN: 1100
Individuo: 
[0.8886295613344709, 1.0782844089982215, 2.6367966378458036, 2.9099475731656073, 4.474347090737581, 0.577047553942763, 0.4450802588942893, 0.49278510889073746, 0.5884177646663278, 0.5161526122696479, 0.7963993563475049, 0.2606375085427521, 4.835409261017109, 4.586690431295503, 4.487298494925986, 10.974299440547588, 24.023916726149878, 2.0264683412212947, 8.390932369677246, 2.226415266673285, 0.6668266152631873, 1.1189185484666533, 4.526818094208147, 0.9310742218614431, 0.9598403888497619, 1.5182418480263047, 6.144987083702074, 3.43093505655938, 1.8903815834592903, 1.6147133973301135, 0.9790014782501395, 1.4426857664968187, 7.975870018335795, 9.119979950541147, 0.9947892817292424, 0.8501967626572041, 2.794757931510569, 40.04437265090909]
APTIDAO: 
32.307956994780724GEN: 1200
Individuo: 
[0.8886295613344709, 1.0782844089982215, 2.6370709703838515, 2.937575849413857, 4.474347090737581, 0.577047553942763, 0.4450802588942893, 0.49278510889073746, 0.5884177646663278, 0.5161526122696479, 0.7963993563475049, 0.2606375085427521, 4.835409261017109, 4.586690431295503, 4.487298494925986, 10.974299440547588, 24.023916726149878, 2.2838214131685732, 8.390932369677246, 2.226415266673285, 0.6668266152631873, 1.8823821226673998, 4.407610255462074, 0.9310742218614431, 0.9598403888497619, 1.5182418480263047, 6.144987083702074, 3.43093505655938, 1.8903815834592903, 1.6147133973301135, 0.9790014782501395, 1.4426857664968187, 7.975870018335795, 9.119979950541147, 0.9947892817292424, 0.8501967626572041, 3.357664768352942, 40.04437265090909]
APTIDAO: 
32.24617325711475GEN: 1300
Individuo: 
[0.8886295613344709, 1.0782844089982215, 2.6370709703838515, 2.937575849413857, 4.474347090737581, 0.577047553942763, 0.4450802588942893, 0.49278510889073746, 0.5884177646663278, 0.5161526122696479, 0.7963993563475049, 0.2606375085427521, 4.054773299530916, 4.586690431295503, 4.487298494925986, 10.974299440547588, 24.023916726149878, 2.0264683412212947, 8.390932369677246, 2.226415266673285, 0.6668266152631873, 1.8823821226673998, 4.407610255462074, 0.9310742218614431, 0.9598403888497619, 1.5182418480263047, 6.144987083702074, 3.43093505655938, 1.8903815834592903, 1.6147133973301135, 0.9790014782501395, 0.8007434052957669, 7.975870018335795, 9.119979950541147, 0.9947892817292424, 0.8501967626572041, 2.794757931510569, 40.04437265090909]
APTIDAO: 
32.24617325711475GEN: 1400
Individuo: 
[0.8886295613344709, 1.0782844089982215, 2.6370709703838515, 2.937575849413857, 4.474347090737581, 0.577047553942763, 0.4450802588942893, 0.49278510889073746, 0.5884177646663278, 0.5217966704599297, 0.7963993563475049, 0.2606375085427521, 4.054773299530916, 4.586690431295503, 4.681061109696091, 10.974299440547588, 24.023916726149878, 2.0264683412212947, 8.390932369677246, 2.226415266673285, 0.6668266152631873, 1.8823821226673998, 4.407610255462074, 0.9310742218614431, 0.9598403888497619, 1.5182418480263047, 6.144987083702074, 3.43093505655938, 3.0388865613284683, 1.6147133973301135, 0.9790014782501395, 0.8007434052957669, 7.975870018335795, 8.91706385876349, 0.9947892817292424, 0.8501967626572041, 2.794757931510569, 40.04437265090909]
APTIDAO: 
32.23728891710967GEN: 1500
Individuo: 
[0.8886295613344709, 1.0782844089982215, 2.6370709703838515, 2.937575849413857, 4.474347090737581, 0.577047553942763, 0.4450802588942893, 0.49278510889073746, 0.5884177646663278, 0.5217966704599297, 0.7953668444883272, 0.2606375085427521, 4.054773299530916, 4.586690431295503, 4.681061109696091, 10.974299440547588, 24.023916726149878, 2.5311019984661405, 10.300614161561015, 2.226415266673285, 0.6668266152631873, 1.8823821226673998, 4.407610255462074, 0.9310742218614431, 0.9598403888497619, 1.5182418480263047, 6.144987083702074, 3.43093505655938, 3.0388865613284683, 2.1798643535472255, 0.9790014782501395, 0.8007434052957669, 7.975870018335795, 8.91706385876349, 0.9947892817292424, 0.8501967626572041, 2.525434050462792, 41.52362777210453]
APTIDAO: 
32.210935993128956GEN: 1600
Individuo: 
[0.8886295613344709, 1.0782844089982215, 2.6209260112967243, 2.937575849413857, 4.474347090737581, 0.5790502142284649, 0.4518680697517369, 0.49278510889073746, 0.5884177646663278, 0.5217966704599297, 0.7939097892716183, 0.2606375085427521, 4.054773299530916, 4.586690431295503, 4.681061109696091, 10.974299440547588, 21.026612006272714, 2.0264683412212947, 10.300614161561015, 2.226415266673285, 0.6668266152631873, 1.1590459479920547, 4.407610255462074, 0.9310742218614431, 1.011501713455635, 1.4090355359119762, 6.144987083702074, 3.43093505655938, 3.0388865613284683, 3.4559156048205546, 0.9790014782501395, 0.8007434052957669, 7.975870018335795, 8.91706385876349, 0.9947892817292424, 0.8689685260448604, 2.794757931510569, 41.52362777210453]
APTIDAO: 
32.09488436929321GEN: 1700
Individuo: 
[0.8886295613344709, 1.0782844089982215, 2.610111071699025, 2.937575849413857, 4.474347090737581, 0.5790502142284649, 0.4518680697517369, 0.49278510889073746, 0.5884177646663278, 0.5208193525266849, 0.7939097892716183, 0.24761112920433273, 4.054773299530916, 3.1521334026670385, 4.681061109696091, 18.402900807241714, 24.532907191909626, 2.0264683412212947, 19.017683708833324, 2.226415266673285, 0.6668266152631873, 1.4054257011480162, 4.407610255462074, 0.9310742218614431, 1.011501713455635, 1.4090355359119762, 6.144987083702074, 3.43093505655938, 2.0128696061833478, 3.4559156048205546, 1.1152173589724161, 0.8007434052957669, 10, 8.91706385876349, 2.428610441219534, 0.8607273473631577, 2.794757931510569, 54.809248131079414]
APTIDAO: 
30.730345455098906GEN: 1800
Individuo: 
[0.8886295613344709, 1.0782844089982215, 2.610111071699025, 2.937575849413857, 4.474347090737581, 0.5790502142284649, 0.4518680697517369, 0.49278510889073746, 0.5884177646663278, 0.5208193525266849, 0.7944557741890189, 0.24761112920433273, 4.054773299530916, 3.1521334026670385, 4.681061109696091, 17.764108947169156, 24.532907191909626, 2.0264683412212947, 15.16302645325436, 2.226415266673285, 0.6668266152631873, 1.4054257011480162, 4.407610255462074, 0.9310742218614431, 1.011501713455635, 1.4090355359119762, 6.144987083702074, 3.43093505655938, 2.0128696061833478, 3.407209291894397, 1.1152173589724161, 0.8007434052957669, 10, 8.91706385876349, 1.5598336557185992, 0.8607273473631577, 2.794757931510569, 13.553599857631884]
APTIDAO: 
30.69783309729138GEN: 1900
Individuo: 
[0.8945918166969149, 1.0782844089982215, 2.610111071699025, 2.937575849413857, 4.468458681118512, 0.5790502142284649, 0.4518680697517369, 0.49278510889073746, 0.5884177646663278, 0.5208193525266849, 0.792589161184455, 0.24761112920433273, 4.054773299530916, 3.1521334026670385, 4.681061109696091, 16.852350549575597, 24.532907191909626, 2.0264683412212947, 12.970831424032193, 2.317301820532966, 0.6668266152631873, 1.4054257011480162, 4.407610255462074, 0.7197827565439723, 1.011501713455635, 1.4090355359119762, 6.144987083702074, 3.43093505655938, 2.0128696061833478, 1.9281279080843647, 1.1152173589724161, 0.8007434052957669, 10, 8.91706385876349, 2.3943898685471376, 0.8607273473631577, 2.794757931510569, 9.85970991001585]
APTIDAO: 
30.592651287816743GEN: 2000
Individuo: 
[1.1944065502746148, 1.0782844089982215, 2.610111071699025, 2.937575849413857, 2.998260518457365, 0.5226617949753156, 0.4518680697517369, 0.5139210052543955, 0.5884177646663278, 0.5208193525266849, 0.7944557741890189, 0.22899802025588442, 4.054773299530916, 3.1521334026670385, 4.420793273473383, 11.615144930030029, 20.776380231939733, 2.1764760355820414, 8.89013271186804, 1.917575183562729, 0.6668266152631873, 1.4054257011480162, 4.407610255462074, 0.6268588518301711, 0.9963592272552655, 1.4090355359119762, 2.728270147748396, 3.43093505655938, 2.0128696061833478, 3.407209291894397, 0.9845302221170008, 0.8007434052957669, 10, 7.948644541867493, 1.23197480848474, 0.4400158916047885, 0.8972577823095482, 24.737120762876213]
APTIDAO: 
28.753221866911588GEN: 2100
Individuo: 
[1.2072700192053676, 1.0782844089982215, 2.610111071699025, 2.937575849413857, 2.998260518457365, 0.5745557726746247, 0.4518680697517369, 0.5139210052543955, 0.5884177646663278, 0.5208193525266849, 0.7814123118958203, 0.22899802025588442, 4.649150075432999, 3.1521334026670385, 4.420793273473383, 11.615144930030029, 23.92519230498451, 2.1764760355820414, 6.609893922168744, 1.4180704265894533, 0.6668266152631873, 1.4054257011480162, 4.407610255462074, 0.6268588518301711, 0.6784952394660334, 1.4090355359119762, 2.728270147748396, 3.43093505655938, 2.0128696061833478, 2.695037261214582, 0.9845302221170008, 0.9615527700491066, 10, 7.948644541867493, 1.23197480848474, 0.5887514375060218, 0.8972577823095482, 25.15476815733414]
APTIDAO: 
28.494345244419677GEN: 2200
Individuo: 
[1.2072700192053676, 1.0782844089982215, 2.610111071699025, 2.937575849413857, 2.998260518457365, 0.5745557726746247, 0.4518680697517369, 0.5015474699228344, 0.5884177646663278, 0.5208193525266849, 0.7792702815024304, 0.23186033189455904, 4.649150075432999, 3.1521334026670385, 4.420793273473383, 11.615144930030029, 23.92519230498451, 2.1764760355820414, 22.747358932269215, 1.4180704265894533, 0.6668266152631873, 1.4054257011480162, 4.407610255462074, 0.6268588518301711, 0.6784952394660334, 1.4090355359119762, 2.4418421101986443, 3.43093505655938, 2.0128696061833478, 2.6914484098543823, 1.2288260296180478, 0.9615527700491066, 10, 7.948644541867493, 1.23197480848474, 0.5887514375060218, 0.8972577823095482, 39.385510281959135]
APTIDAO: 
28.053116403062113GEN: 2300
Individuo: 
[1.2072700192053676, 1.0782844089982215, 2.610111071699025, 2.937575849413857, 2.998260518457365, 0.5581956404319427, 0.4518680697517369, 0.5015474699228344, 0.5884177646663278, 0.5208193525266849, 0.7792702815024304, 0.23186033189455904, 4.649150075432999, 3.1521334026670385, 4.420793273473383, 11.615144930030029, 22.281992424744665, 2.1764760355820414, 19.874443805621812, 1.4180704265894533, 0.6668266152631873, 1.4054257011480162, 4.407610255462074, 0.6268588518301711, 1.0727400365706872, 1.4090355359119762, 2.4418421101986443, 3.43093505655938, 2.0128696061833478, 2.6914484098543823, 1.2288260296180478, 0.9615527700491066, 10, 7.948644541867493, 1.23197480848474, 0.5944757309379243, 0.8972577823095482, 43.08767301422657]
APTIDAO: 
27.94041352790471GEN: 2400
Individuo: 
[1.2072700192053676, 1.0782844089982215, 2.610111071699025, 2.937575849413857, 2.998260518457365, 0.5582020627068017, 0.45420382297319556, 0.5015474699228344, 0.5884177646663278, 0.5208193525266849, 0.7792702815024304, 0.23186033189455904, 4.518927779728755, 3.1521334026670385, 4.420793273473383, 11.615144930030029, 24.920342897804662, 2.0817908725881202, 18.547668837499945, 1.4180704265894533, 0.6668266152631873, 1.4054257011480162, 4.407610255462074, 0.6268588518301711, 0.8011230249199689, 1.3659570754677475, 2.4418421101986443, 3.43093505655938, 2.0128696061833478, 2.6914484098543823, 1.2288260296180478, 1.0512660794906128, 10, 7.948644541867493, 1.23197480848474, 0.9491452821130317, 1.0812356315590672, 36.83416839668147]
APTIDAO: 
27.925628300010352GEN: 2500
Individuo: 
[1.2072700192053676, 1.0782844089982215, 2.610111071699025, 2.937575849413857, 2.998260518457365, 0.5582020627068017, 0.45420382297319556, 0.5015474699228344, 0.5884177646663278, 0.5208193525266849, 0.7792702815024304, 0.23186033189455904, 4.518927779728755, 3.482738555216304, 4.420793273473383, 11.615144930030029, 24.920342897804662, 2.8349155359409677, 18.547668837499945, 1.4180704265894533, 0.6668266152631873, 1.4054257011480162, 4.407610255462074, 0.6268588518301711, 0.8011230249199689, 1.3659570754677475, 2.4418421101986443, 3.43093505655938, 2.0128696061833478, 2.6914484098543823, 1.2288260296180478, 1.0512660794906128, 5.815391409616815, 7.948644541867493, 1.23197480848474, 0.9491452821130317, 0.7777083399216485, 36.83416839668147]
APTIDAO: 
27.925628300010352GEN: 2600
Individuo: 
[1.2072700192053676, 1.0782844089982215, 2.610111071699025, 2.937575849413857, 2.998260518457365, 0.5582020627068017, 0.45420382297319556, 0.5015474699228344, 0.5884177646663278, 0.5208193525266849, 0.7792702815024304, 0.23186033189455904, 4.518927779728755, 3.1521334026670385, 4.893258097263908, 11.615144930030029, 24.920342897804662, 2.0817908725881202, 18.547668837499945, 1.4180704265894533, 0.6668266152631873, 1.4054257011480162, 4.407610255462074, 0.6268588518301711, 0.8011230249199689, 1.3659570754677475, 2.4418421101986443, 3.43093505655938, 2.0128696061833478, 2.6914484098543823, 1.2288260296180478, 1.0512660794906128, 10, 6.682855544965297, 1.23197480848474, 0.9491452821130317, 1.0812356315590672, 36.83416839668147]
APTIDAO: 
27.925628300010352GEN: 2700
Individuo: 
[1.2072700192053676, 1.0782844089982215, 2.610111071699025, 2.937575849413857, 2.998260518457365, 0.5582020627068017, 0.45420382297319556, 0.5015474699228344, 0.5884177646663278, 0.5208193525266849, 0.7792702815024304, 0.23186033189455904, 4.518927779728755, 3.1521334026670385, 4.893258097263908, 11.615144930030029, 24.920342897804662, 2.3101673610818088, 18.547668837499945, 1.4180704265894533, 0.6668266152631873, 1.4054257011480162, 4.407610255462074, 0.6268588518301711, 0.8011230249199689, 1.3659570754677475, 2.4418421101986443, 3.43093505655938, 2.0128696061833478, 2.6914484098543823, 1.2288260296180478, 1.0512660794906128, 10, 6.682855544965297, 1.23197480848474, 0.9491452821130317, 1.530984215008016, 36.83416839668147]
APTIDAO: 
27.925628300010352GEN: 2800
Individuo: 
[1.2072700192053676, 1.1264485098219865, 2.6106562876378097, 2.937575849413857, 2.998260518457365, 0.5582020627068017, 0.45420382297319556, 0.5015474699228344, 0.5884177646663278, 0.5208193525266849, 0.7792702815024304, 0.23186033189455904, 4.934628606209384, 3.1521334026670385, 4.789021351001464, 11.702319137678582, 24.920342897804662, 2.755485156093482, 4.383263037516398, 1.4180704265894533, 0.6961641316460799, 1.8535842165494112, 4.407610255462074, 0.6268588518301711, 0.8011230249199689, 1.3659570754677475, 2.4418421101986443, 3.43093505655938, 2.0128696061833478, 2.6914484098543823, 1.2288260296180478, 0.7963126966344267, 10, 5.031727629400472, 1.1342760037310824, 0.9491452821130317, 0.896687396023934, 47.92269193505786]
APTIDAO: 
27.88761625960479GEN: 2900
Individuo: 
[1.2072700192053676, 1.1264485098219865, 2.6106562876378097, 2.937575849413857, 2.998260518457365, 0.5582020627068017, 0.45420382297319556, 0.5015474699228344, 0.5884177646663278, 0.5208193525266849, 0.7792702815024304, 0.21875880168533945, 4.934628606209384, 3.1521334026670385, 4.789021351001464, 10.731281373643476, 24.920342897804662, 2.7129280011304484, 4.203874755222392, 1.4180704265894533, 0.6961641316460799, 1.8535842165494112, 4.407610255462074, 0.6268588518301711, 0.8011230249199689, 1.3659570754677475, 2.4418421101986443, 3.43093505655938, 2.0128696061833478, 2.6914484098543823, 2.2991743506749467, 0.7963126966344267, 10, 5.031727629400472, 1.171926336187955, 0.9491452821130317, 0.6563403644304889, 42.96534942331437]
APTIDAO: 
27.622902861989317GEN: 3000
Individuo: 
[1.2072700192053676, 1.1264485098219865, 2.6106562876378097, 2.937575849413857, 2.998260518457365, 0.5582020627068017, 0.45420382297319556, 0.5015474699228344, 0.5884177646663278, 0.5208193525266849, 0.7792702815024304, 0.21875880168533945, 4.238184358517851, 3.1521334026670385, 4.291459206394781, 10.731281373643476, 24.920342897804662, 2.5241205664720083, 5.236455984292063, 1.4180704265894533, 0.6961641316460799, 1.8535842165494112, 4.407610255462074, 0.6268588518301711, 0.8011230249199689, 1.3659570754677475, 2.4418421101986443, 3.43093505655938, 2.0128696061833478, 2.6914484098543823, 2.2991743506749467, 0.6261238034115199, 10, 3.9580996536205064, 1.171926336187955, 0.9491452821130317, 0.6090282615691698, 45.43551919416454]
APTIDAO: 
27.618846780552126GEN: 3100
Individuo: 
[1.2072700192053676, 1.1264485098219865, 2.6106562876378097, 2.937575849413857, 2.998260518457365, 0.5582020627068017, 0.45420382297319556, 0.5015474699228344, 0.5884177646663278, 0.5208193525266849, 0.7792702815024304, 0.21875880168533945, 4.783367427504458, 3.1521334026670385, 4.291459206394781, 10.731281373643476, 24.920342897804662, 2.108296072177818, 5.236455984292063, 1.4180704265894533, 0.6961641316460799, 1.8535842165494112, 4.407610255462074, 0.6268588518301711, 0.8011230249199689, 1.3659570754677475, 2.4418421101986443, 3.43093505655938, 2.0128696061833478, 2.6914484098543823, 2.2991743506749467, 0.8150088973242468, 10, 3.9580996536205064, 1.171926336187955, 0.9491452821130317, 0.4013124789385489, 45.43551919416454]
APTIDAO: 
27.618846780552126GEN: 3200
Individuo: 
[1.2072700192053676, 1.1264485098219865, 2.6106562876378097, 2.937575849413857, 2.998260518457365, 0.5582020627068017, 0.45420382297319556, 0.5015474699228344, 0.5884177646663278, 0.5208193525266849, 0.7792702815024304, 0.21875880168533945, 4.783367427504458, 3.1521334026670385, 4.291459206394781, 10.731281373643476, 24.443746707864847, 2.610585114524728, 5.236455984292063, 1.4180704265894533, 0.6961641316460799, 1.8535842165494112, 4.407610255462074, 0.6268588518301711, 0.8011230249199689, 1.3659570754677475, 2.4418421101986443, 3.43093505655938, 2.0128696061833478, 2.6914484098543823, 2.2991743506749467, 0.8150088973242468, 10, 3.9580996536205064, 1.171926336187955, 1.404962131996293, 0.403850463302404, 45.43551919416454]
APTIDAO: 
27.618846780552126GEN: 3300
Individuo: 
[1.2072700192053676, 1.1264485098219865, 2.6106562876378097, 2.937575849413857, 2.998260518457365, 0.5582020627068017, 0.4593591656386611, 0.5015474699228344, 0.5884177646663278, 0.5210056767091534, 0.7792702815024304, 0.21875880168533945, 4.783367427504458, 3.1521334026670385, 4.291459206394781, 10.731281373643476, 24.443746707864847, 2.217479679526199, 5.236455984292063, 1.4180704265894533, 0.6961641316460799, 1.8535842165494112, 4.407610255462074, 0.6268588518301711, 0.8011230249199689, 0.9048070460598293, 2.4418421101986443, 3.43093505655938, 1.910725516543516, 2.6914484098543823, 2.2991743506749467, 0.8150088973242468, 10, 3.9580996536205064, 1.171926336187955, 1.404962131996293, 0.570495513761386, 45.43551919416454]
APTIDAO: 
27.596095796585484GEN: 3400
Individuo: 
[1.2072700192053676, 1.1264485098219865, 2.6106562876378097, 2.937575849413857, 2.998260518457365, 0.5582020627068017, 0.4593591656386611, 0.5015474699228344, 0.5884177646663278, 0.5210056767091534, 0.7792702815024304, 0.21875880168533945, 4.783367427504458, 3.0055912501041195, 4.291459206394781, 10.731281373643476, 24.443746707864847, 2.5887655801536953, 5.236455984292063, 1.4180704265894533, 0.6961641316460799, 1.8535842165494112, 4.407610255462074, 0.6268588518301711, 0.8011230249199689, 0.9048070460598293, 2.4418421101986443, 3.43093505655938, 1.910725516543516, 2.6914484098543823, 2.2991743506749467, 0.8150088973242468, 3.0799254313750897, 3.9580996536205064, 1.171926336187955, 1.404962131996293, 1.2547228500446777, 45.43551919416454]
APTIDAO: 
27.596095796585484GEN: 3500
Individuo: 
[1.2072700192053676, 1.1264485098219865, 2.6106562876378097, 2.937575849413857, 2.998260518457365, 0.5582020627068017, 0.4593591656386611, 0.5015474699228344, 0.5884177646663278, 0.5210056767091534, 0.7792702815024304, 0.21875880168533945, 4.783367427504458, 3.1521334026670385, 4.845649127228839, 10.731281373643476, 24.443746707864847, 2.1356877151396567, 5.236455984292063, 1.4180704265894533, 0.6961641316460799, 1.8535842165494112, 4.407610255462074, 0.6268588518301711, 0.8011230249199689, 0.9048070460598293, 2.4418421101986443, 3.43093505655938, 1.910725516543516, 2.6914484098543823, 2.2991743506749467, 0.8150088973242468, 10, 1.275465009262065, 1.171926336187955, 1.404962131996293, 0.8054288676866196, 45.43551919416454]
APTIDAO: 
27.596095796585484GEN: 3600
Individuo: 
[1.2072700192053676, 1.1264485098219865, 2.6106562876378097, 2.937575849413857, 2.998260518457365, 0.5582020627068017, 0.4593591656386611, 0.5015474699228344, 0.5884177646663278, 0.5210056767091534, 0.7792702815024304, 0.21875880168533945, 4.783367427504458, 3.1521334026670385, 4.845649127228839, 10.731281373643476, 24.443746707864847, 2.1356877151396567, 5.236455984292063, 1.4180704265894533, 0.6961641316460799, 1.8535842165494112, 4.407610255462074, 0.6268588518301711, 0.8011230249199689, 0.9048070460598293, 2.4418421101986443, 3.43093505655938, 1.910725516543516, 2.6914484098543823, 2.2991743506749467, 0.8150088973242468, 10, 1.275465009262065, 1.171926336187955, 1.404962131996293, 0.8054288676866196, 45.43551919416454]
APTIDAO: 
27.596095796585484GEN: 3700
Individuo: 
[1.2072700192053676, 1.1264485098219865, 2.6106562876378097, 2.937575849413857, 2.998260518457365, 0.5582020627068017, 0.4593591656386611, 0.5015474699228344, 0.5884177646663278, 0.5210056767091534, 0.7792702815024304, 0.21875880168533945, 4.783367427504458, 3.1521334026670385, 4.845649127228839, 10.72046322203152, 24.664869002181852, 2.3740490076276135, 5.236455984292063, 1.4180704265894533, 0.6961641316460799, 1.8535842165494112, 4.407610255462074, 0.6268588518301711, 0.8011230249199689, 0.9048070460598293, 2.4418421101986443, 3.43093505655938, 1.910725516543516, 2.6914484098543823, 2.2991743506749467, 0.8150088973242468, 10, 1.275465009262065, 0.5334611532811927, 1.1841242436663058, 0.6509545430738035, 45.43551919416454]
APTIDAO: 
27.596095796585484GEN: 3800
Individuo: 
[1.2072700192053676, 1.1264485098219865, 2.6106562876378097, 2.937575849413857, 2.998260518457365, 0.5582020627068017, 0.4593591656386611, 0.49853516811369497, 0.5884177646663278, 0.5210056767091534, 0.7792702815024304, 0.21875880168533945, 4.783367427504458, 3.8388438990519322, 4.845649127228839, 10.833417500289393, 24.664869002181852, 2.683364207227108, 7.620223383436214, 1.4180704265894533, 0.6961641316460799, 1.8535842165494112, 4.407610255462074, 0.6268588518301711, 0.8011230249199689, 0.9048070460598293, 2.7931879150910257, 3.43093505655938, 1.910725516543516, 2.6914484098543823, 2.2991743506749467, 0.8150088973242468, 10.71915189214006, 1.275465009262065, 0.5622761590734916, 1.1841242436663058, 0.7010253034504429, 61.60597190065782]
APTIDAO: 
27.526180332148193GEN: 3900
Individuo: 
[1.2072700192053676, 1.1264485098219865, 2.6106562876378097, 2.937575849413857, 2.998260518457365, 0.5582020627068017, 0.4593591656386611, 0.49853516811369497, 0.5884177646663278, 0.5210056767091534, 0.7792702815024304, 0.21875880168533945, 4.783367427504458, 3.8388438990519322, 4.845649127228839, 10.833417500289393, 24.57870545308311, 2.790389841066789, 7.620223383436214, 1.4180704265894533, 0.6961641316460799, 1.8535842165494112, 4.407610255462074, 0.6268588518301711, 0.8011230249199689, 0.9048070460598293, 2.7931879150910257, 3.43093505655938, 1.910725516543516, 2.6914484098543823, 2.2991743506749467, 0.8150088973242468, 10.71915189214006, 1.275465009262065, 0.5622761590734916, 0.6165163763395184, 0.6173014289860899, 61.60597190065782]
APTIDAO: 
27.526180332148193GEN: 4000
Individuo: 
[1.2072700192053676, 1.1264485098219865, 2.6106562876378097, 2.937575849413857, 2.998260518457365, 0.5582020627068017, 0.4593591656386611, 0.49853516811369497, 0.5884177646663278, 0.5210056767091534, 0.7792702815024304, 0.21875880168533945, 4.783367427504458, 3.8388438990519322, 4.845649127228839, 10.833417500289393, 24.57870545308311, 2.769879959435943, 7.620223383436214, 1.4180704265894533, 0.6961641316460799, 1.8535842165494112, 4.407610255462074, 0.6268588518301711, 0.8011230249199689, 0.9048070460598293, 2.7931879150910257, 3.43093505655938, 1.910725516543516, 2.6914484098543823, 2.2991743506749467, 0.8150088973242468, 10.71915189214006, 1.275465009262065, 0.5622761590734916, 0.6165163763395184, 0.9967223040276108, 61.60597190065782]
APTIDAO: 
27.526180332148193GEN: 4100
Individuo: 
[1.2072700192053676, 1.1264485098219865, 2.6106562876378097, 2.937575849413857, 2.998260518457365, 0.5582020627068017, 0.4593591656386611, 0.49853516811369497, 0.5884177646663278, 0.5210056767091534, 0.7792702815024304, 0.21875880168533945, 4.772141098739734, 3.8388438990519322, 4.845649127228839, 10.833417500289393, 24.57870545308311, 2.149303109315324, 7.620223383436214, 1.4180704265894533, 0.6961641316460799, 1.8535842165494112, 4.407610255462074, 0.6268588518301711, 0.8011230249199689, 0.9048070460598293, 2.7931879150910257, 3.43093505655938, 1.910725516543516, 2.6914484098543823, 2.2991743506749467, 1.2930822874647132, 10.71915189214006, 1.275465009262065, 0.5622761590734916, 0.6165163763395184, 0.9127395103540774, 61.60597190065782]
APTIDAO: 
27.526180332148193GEN: 4200
Individuo: 
[1.2072700192053676, 1.1264485098219865, 2.6106562876378097, 2.937575849413857, 2.998260518457365, 0.5582020627068017, 0.4594153001217704, 0.49853516811369497, 0.5884177646663278, 0.5210056767091534, 0.7792702815024304, 0.21875880168533945, 4.772141098739734, 3.8388438990519322, 4.845649127228839, 10.833417500289393, 24.57870545308311, 2.769879959435943, 7.620223383436214, 1.4180704265894533, 0.6961641316460799, 1.8535842165494112, 4.407610255462074, 0.6268588518301711, 0.8011230249199689, 0.8756275537495418, 2.7931879150910257, 3.43093505655938, 1.910725516543516, 2.6914484098543823, 2.2991743506749467, 1.2930822874647132, 10.71915189214006, 1.275465009262065, 0.5622761590734916, 0.6165163763395184, 0.9967223040276108, 61.60597190065782]
APTIDAO: 
27.526149166607304GEN: 4300
Individuo: 
[1.2072700192053676, 1.1264485098219865, 2.981377706427249, 2.937575849413857, 2.998260518457365, 0.5582020627068017, 0.4594153001217704, 0.49853516811369497, 0.5884177646663278, 0.5210056767091534, 0.7792702815024304, 0.1469970020235763, 4.3786582598828145, 3.8388438990519322, 4.845649127228839, 10.833417500289393, 24.57870545308311, 2.8088851811686415, 6.529945622794209, 1.4180704265894533, 0.6961641316460799, 1.6595890437684078, 4.407610255462074, 0.6268588518301711, 0.8011230249199689, 0.8756275537495418, 2.7931879150910257, 3.43093505655938, 1.910725516543516, 2.6914484098543823, 2.9521362281985697, 1.0288583712867487, 10.71915189214006, 1.275465009262065, 0.5622761590734916, 0.6165163763395184, 1.0414675083768106, 64.19296550777727]
APTIDAO: 
27.382775056084608GEN: 4400
Individuo: 
[1.2102769365610606, 1.1264485098219865, 2.981377706427249, 2.937575849413857, 2.998260518457365, 0.560635931583533, 0.4594153001217704, 0.49853516811369497, 0.5884177646663278, 0.5210056767091534, 0.7792702815024304, 0.1469970020235763, 4.680580168311161, 3.8388438990519322, 4.845649127228839, 10.833417500289393, 24.57870545308311, 2.8088851811686415, 6.529945622794209, 1.830909353665083, 0.6961641316460799, 1.6595890437684078, 4.407610255462074, 0.6268588518301711, 1.9644392037839122, 0.8756275537495418, 2.7931879150910257, 3.43093505655938, 1.910725516543516, 2.6914484098543823, 2.9521362281985697, 1.1763751013853911, 10.71915189214006, 1.275465009262065, 0.5622761590734916, 0.6165163763395184, 1.0414675083768106, 64.19296550777727]
APTIDAO: 
27.35525820067176GEN: 4500
Individuo: 
[1.2102769365610606, 1.1264485098219865, 2.981377706427249, 2.937575849413857, 2.998260518457365, 0.560635931583533, 0.4586343879675152, 0.49853516811369497, 0.5884177646663278, 0.5210056767091534, 0.7792702815024304, 0.1469970020235763, 4.769004276141109, 3.8388438990519322, 4.698639983652163, 10.833417500289393, 24.57870545308311, 2.0723276297794264, 6.529945622794209, 1.830909353665083, 0.6961641316460799, 1.6595890437684078, 4.407610255462074, 0.6268588518301711, 1.9644392037839122, 0.860901311854391, 2.7931879150910257, 3.43093505655938, 1.910725516543516, 2.6914484098543823, 2.9521362281985697, 0.6416609418018481, 10.71915189214006, 1.7079480123510178, 0.5622761590734916, 0.6165163763395184, 1.0574395907321352, 64.19296550777727]
APTIDAO: 
27.34789295941858GEN: 4600
Individuo: 
[1.2102769365610606, 1.1264485098219865, 2.981377706427249, 2.937575849413857, 2.998260518457365, 0.560635931583533, 0.45762292709396174, 0.49853516811369497, 0.5884177646663278, 0.5210056767091534, 0.7792702815024304, 0.1469970020235763, 4.4544119476252195, 3.8388438990519322, 4.698639983652163, 10.833417500289393, 24.57870545308311, 2.0723276297794264, 6.529945622794209, 1.830909353665083, 0.6961641316460799, 1.6595890437684078, 4.407610255462074, 0.6268588518301711, 1.9644392037839122, 0.7840230187158329, 2.7931879150910257, 3.43093505655938, 1.910725516543516, 2.6914484098543823, 2.9521362281985697, 0.7419710686168874, 10.71915189214006, 1.7079480123510178, 0.5622761590734916, 0.6165163763395184, 1.0574395907321352, 64.19296550777727]
APTIDAO: 
27.340391394462905GEN: 4700
Individuo: 
[1.2142964753297134, 1.1264485098219865, 2.9762993572621017, 2.937575849413857, 2.998260518457365, 0.560635931583533, 0.45762292709396174, 0.49768805703496133, 0.5884177646663278, 0.5219972258515695, 0.7792702815024304, 0.1469970020235763, 4.769004276141109, 3.8388438990519322, 4.024595672180185, 10.833417500289393, 24.57870545308311, 2.295872445938132, 6.47429600148216, 1.3478285171134678, 0.6961641316460799, 1.6800580968966663, 4.407610255462074, 0.6268588518301711, 1.9644392037839122, 0.7840230187158329, 2.2931663426197333, 3.43093505655938, 1.4095788506396976, 2.6914484098543823, 2.9521362281985697, 0.6416609418018481, 10.71915189214006, 1.0770853730627499, 0.5622761590734916, 0.6165163763395184, 0.8626651265850036, 64.60788524608917]
APTIDAO: 
27.307809720210535GEN: 4800
Individuo: 
[1.2142964753297134, 1.1264485098219865, 2.9762993572621017, 2.937575849413857, 2.998260518457365, 0.560635931583533, 0.45762292709396174, 0.49768805703496133, 0.5884177646663278, 0.5219972258515695, 0.7792702815024304, 0.1469970020235763, 4.769004276141109, 3.683834399474301, 4.024595672180185, 10.833417500289393, 24.57870545308311, 2.295872445938132, 6.47429600148216, 1.3478285171134678, 0.6961641316460799, 1.6800580968966663, 4.407610255462074, 0.6268588518301711, 1.9644392037839122, 0.7840230187158329, 2.2931663426197333, 3.43093505655938, 1.4095788506396976, 2.6914484098543823, 2.9521362281985697, 0.6416609418018481, 6.003483267319096, 1.0770853730627499, 0.5622761590734916, 0.6165163763395184, 0.8626651265850036, 64.60788524608917]
APTIDAO: 
27.307809720210535GEN: 4900
Individuo: 
[1.2142964753297134, 1.1264485098219865, 2.981327879025423, 2.937575849413857, 2.998260518457365, 0.560635931583533, 0.45560645140394573, 0.49768805703496133, 0.5884177646663278, 0.5219972258515695, 0.7792702815024304, 0.1469970020235763, 4.769004276141109, 3.683834399474301, 4.338173117934663, 10.833417500289393, 24.57870545308311, 2.461611973748635, 6.47429600148216, 1.3478285171134678, 0.6961641316460799, 1.225744022705025, 4.407610255462074, 0.6268588518301711, 1.9644392037839122, 0.7074366487857795, 2.2931663426197333, 3.43093505655938, 1.4095788506396976, 2.6914484098543823, 2.9521362281985697, 0.6416609418018481, 6.003483267319096, 0.8571488029144054, 0.5622761590734916, 0.6165163763395184, 0.798896564296482, 64.60788524608917]
APTIDAO: 
27.303913560011416GEN: 5000
Individuo: 
[1.2142964753297134, 1.1264485098219865, 2.981327879025423, 2.937575849413857, 2.998260518457365, 0.5668396447360705, 0.45560645140394573, 0.4970287054456713, 0.5884177646663278, 0.5219972258515695, 0.7792702815024304, 0.1469970020235763, 4.769004276141109, 3.683834399474301, 4.338173117934663, 10.833417500289393, 24.57870545308311, 2.060139691868256, 7.899457167963832, 1.3478285171134678, 0.6961641316460799, 1.225744022705025, 4.407610255462074, 0.6268588518301711, 1.2239999464429712, 0.7074366487857795, 1.1477942253242903, 3.43093505655938, 1.4095788506396976, 2.6914484098543823, 2.9521362281985697, 0.6416609418018481, 6.003483267319096, 0.8571488029144054, 0.5622761590734916, 0.6165163763395184, 1.0075293313091809, 67.06346020849531]
APTIDAO: 
27.275957488790443GEN: 5100
Individuo: 
[1.2142964753297134, 1.1264485098219865, 2.981327879025423, 2.937575849413857, 2.998260518457365, 0.5668396447360705, 0.45560645140394573, 0.4970287054456713, 0.5884177646663278, 0.5219972258515695, 0.7792702815024304, 0.1469970020235763, 4.769004276141109, 3.683834399474301, 4.338173117934663, 10.833417500289393, 24.57870545308311, 2.378211083154699, 7.899457167963832, 1.3478285171134678, 0.6961641316460799, 1.225744022705025, 4.407610255462074, 0.6268588518301711, 1.2239999464429712, 0.7074366487857795, 1.1477942253242903, 3.43093505655938, 1.4095788506396976, 2.6914484098543823, 2.9521362281985697, 0.6416609418018481, 6.003483267319096, 0.8571488029144054, 0.5622761590734916, 0.6165163763395184, 0.9167428088049656, 67.06346020849531]
APTIDAO: 
27.275957488790443GEN: 5200
Individuo: 
[1.2142964753297134, 1.1264485098219865, 2.981327879025423, 2.937575849413857, 2.998260518457365, 0.5668396447360705, 0.45560645140394573, 0.4970287054456713, 0.5879790788089325, 0.5219972258515695, 0.7792702815024304, 0.1469970020235763, 4.769004276141109, 3.683834399474301, 4.338173117934663, 10.833417500289393, 24.57870545308311, 2.0619186720426357, 7.899457167963832, 1.3478285171134678, 0.6961641316460799, 1.225744022705025, 4.407610255462074, 0.6268588518301711, 1.2239999464429712, 0.7074366487857795, 1.1477942253242903, 1.966691054020205, 1.4095788506396976, 2.6914484098543823, 2.9521362281985697, 0.6416609418018481, 6.003483267319096, 0.8571488029144054, 0.5622761590734916, 0.6165163763395184, 0.7413435990997902, 67.06346020849531]
APTIDAO: 
27.27552900015464GEN: 5300
Individuo: 
[1.2142964753297134, 1.1264485098219865, 2.981327879025423, 2.937575849413857, 2.998260518457365, 0.5668396447360705, 0.45560645140394573, 0.4970287054456713, 0.5879790788089325, 0.5219972258515695, 0.7764219149705892, 0.1473844253391303, 4.315164305773596, 3.683834399474301, 4.338173117934663, 10.833417500289393, 24.57870545308311, 2.8795400189247093, 7.51316808049495, 1.3478285171134678, 0.6961641316460799, 1.225744022705025, 4.407610255462074, 0.6268588518301711, 1.2239999464429712, 0.7074366487857795, 1.1477942253242903, 1.966691054020205, 1.4095788506396976, 1.1198702951721171, 2.43454836440945, 0.4483112863871451, 6.003483267319096, 0.8571488029144054, 0.5622761590734916, 0.6165163763395184, 0.6525793767420439, 66.53641323721394]
APTIDAO: 
27.268598818876676GEN: 5400
Individuo: 
[1.214495372463291, 1.1264485098219865, 2.981327879025423, 2.937575849413857, 2.998260518457365, 0.5668396447360705, 0.45560645140394573, 0.4970287054456713, 0.5879790788089325, 0.5219972258515695, 0.7764219149705892, 0.1473844253391303, 4.315164305773596, 3.683834399474301, 4.338173117934663, 10.833417500289393, 24.57870545308311, 2.2043032006712444, 8.793601313046294, 2.6220843948982804, 0.6961641316460799, 1.225744022705025, 4.407610255462074, 0.6268588518301711, 1.2239999464429712, 0.7074366487857795, 1.1477942253242903, 1.966691054020205, 1.4095788506396976, 1.1198702951721171, 2.43454836440945, 0.4483112863871451, 6.003483267319096, 0.8571488029144054, 0.5622761590734916, 0.6165163763395184, 0.6148613570149783, 79.73954583806696]
APTIDAO: 
27.26658451373882GEN: 5500
Individuo: 
[1.214495372463291, 1.1264485098219865, 2.981327879025423, 2.937575849413857, 2.998260518457365, 0.5668396447360705, 0.45560645140394573, 0.4970287054456713, 0.5879790788089325, 0.5219972258515695, 0.7764219149705892, 0.1473844253391303, 4.427353898183196, 3.683834399474301, 4.338173117934663, 10.833417500289393, 24.57870545308311, 2.127018147369972, 8.793601313046294, 2.6220843948982804, 0.6961641316460799, 1.225744022705025, 4.407610255462074, 0.6268588518301711, 1.2239999464429712, 0.7074366487857795, 1.1477942253242903, 1.966691054020205, 1.4095788506396976, 1.1198702951721171, 2.43454836440945, 0.6631825275104746, 6.003483267319096, 0.8571488029144054, 0.5622761590734916, 0.6165163763395184, 2.6976906461504075, 79.73954583806696]
APTIDAO: 
27.26658451373882GEN: 5600
Individuo: 
[1.214495372463291, 1.1264485098219865, 2.981327879025423, 2.937575849413857, 2.998260518457365, 0.5668396447360705, 0.45560645140394573, 0.4970287054456713, 0.5879790788089325, 0.5219972258515695, 0.7764219149705892, 0.1473844253391303, 4.427353898183196, 3.683834399474301, 4.338173117934663, 10.833417500289393, 24.57870545308311, 2.350864639064248, 8.574663310488774, 2.6220843948982804, 0.6961641316460799, 1.225744022705025, 4.407610255462074, 0.6268588518301711, 1.2239999464429712, 0.7074366487857795, 1.1477942253242903, 1.966691054020205, 1.4095788506396976, 1.1198702951721171, 2.43454836440945, 0.6631825275104746, 6.003483267319096, 0.8571488029144054, 0.5622761590734916, 0.6165163763395184, 1.5442506106555618, 53.15381893475493]
APTIDAO: 
27.26658451373882GEN: 5700
Individuo: 
[1.214495372463291, 1.1264485098219865, 2.981327879025423, 2.937575849413857, 2.998260518457365, 0.5668396447360705, 0.45560645140394573, 0.4970287054456713, 0.5879790788089325, 0.5219972258515695, 0.7764219149705892, 0.1473844253391303, 4.197184691416418, 3.683834399474301, 4.22039909189654, 10.634673921195205, 24.57870545308311, 2.350864639064248, 8.574663310488774, 2.6220843948982804, 0.6961641316460799, 1.225744022705025, 4.407610255462074, 0.6268588518301711, 1.2239999464429712, 0.7074366487857795, 1.1477942253242903, 1.966691054020205, 1.4095788506396976, 1.1198702951721171, 2.43454836440945, 2.442292629392631, 6.003483267319096, 0.6594698476186593, 0.6476138749014073, 0.6165163763395184, 1.5442506106555618, 53.15381893475493]
APTIDAO: 
27.26658451373882GEN: 5800
Individuo: 
[1.214495372463291, 1.1264485098219865, 2.981327879025423, 2.9504196546339125, 2.998260518457365, 0.5668396447360705, 0.45560645140394573, 0.49595869631982303, 0.5879790788089325, 0.5219972258515695, 0.7764219149705892, 0.1473844253391303, 4.197184691416418, 3.683834399474301, 4.22039909189654, 10.634673921195205, 24.57870545308311, 2.350864639064248, 9.948803351372822, 2.6220843948982804, 0.6961641316460799, 1.225744022705025, 3.6296412735447583, 0.6268588518301711, 1.2239999464429712, 0.7074366487857795, 1.0867047894634558, 1.966691054020205, 1.4095788506396976, 1.1198702951721171, 2.43454836440945, 2.442292629392631, 6.003483267319096, 0.6594698476186593, 0.6476138749014073, 0.6165163763395184, 1.5442506106555618, 57.172120717093506]
APTIDAO: 
27.242762798738518GEN: 5900
Individuo: 
[1.214495372463291, 1.1264485098219865, 2.981327879025423, 2.9504196546339125, 2.998260518457365, 0.5668396447360705, 0.45560645140394573, 0.4619607189034221, 0.6182568295500336, 0.5219972258515695, 0.7764219149705892, 0.1473844253391303, 4.197184691416418, 3.683834399474301, 4.22039909189654, 10.634673921195205, 24.57870545308311, 2.141494953973167, 4.94289138723249, 2.6220843948982804, 0.6961641316460799, 1.225744022705025, 3.6296412735447583, 0.6268588518301711, 1.2239999464429712, 0.7074366487857795, 1.6873293260842441, 2.3141178250393146, 1.4095788506396976, 1.1198702951721171, 2.43454836440945, 2.442292629392631, 6.003483267319096, 0.6594698476186593, 0.6476138749014073, 0.6165163763395184, 3.02526167025707, 150.51758239217665]
APTIDAO: 
26.96805266156807GEN: 6000
Individuo: 
[1.214495372463291, 1.1264485098219865, 2.981327879025423, 2.9504196546339125, 2.998260518457365, 0.5668396447360705, 0.4564239045954531, 0.4619607189034221, 0.6182568295500336, 0.5213082492659304, 0.7764219149705892, 0.1473844253391303, 4.197184691416418, 3.683834399474301, 4.22039909189654, 10.634673921195205, 24.57870545308311, 2.7085285776401307, 4.94289138723249, 2.6220843948982804, 0.6961641316460799, 1.225744022705025, 3.6296412735447583, 0.6268588518301711, 1.2239999464429712, 0.8751099966564849, 1.6873293260842441, 2.3141178250393146, 1.2841062086785697, 1.1198702951721171, 2.43454836440945, 2.442292629392631, 6.003483267319096, 0.6594698476186593, 0.6476138749014073, 0.6165163763395184, 1.7874005023669481, 150.51758239217665]
APTIDAO: 
26.965377006492723GEN: 6100
Individuo: 
[1.214495372463291, 1.1264485098219865, 2.975895622543643, 2.9504196546339125, 2.998260518457365, 0.5668396447360705, 0.4564239045954531, 0.4619607189034221, 0.6182568295500336, 0.5213082492659304, 0.7764219149705892, 0.1473844253391303, 4.197184691416418, 3.683834399474301, 4.37647072843393, 10.634673921195205, 24.57870545308311, 2.7085285776401307, 4.94289138723249, 2.6220843948982804, 0.6961641316460799, 1.0467655037797987, 3.6296412735447583, 0.6268588518301711, 1.2239999464429712, 0.8751099966564849, 1.6873293260842441, 2.3141178250393146, 1.2841062086785697, 1.1198702951721171, 2.43454836440945, 2.442292629392631, 6.003483267319096, 1.0037279391590266, 0.6476138749014073, 0.6165163763395184, 1.7874005023669481, 150.51758239217665]
APTIDAO: 
26.96510092111069GEN: 6200
Individuo: 
[1.214495372463291, 1.1264485098219865, 2.975895622543643, 2.952143123315177, 2.998260518457365, 0.5668396447360705, 0.4564239045954531, 0.4619607189034221, 0.6182568295500336, 0.5213082492659304, 0.7764219149705892, 0.1473844253391303, 4.519128181433951, 3.9710299318513633, 4.37647072843393, 10.634673921195205, 24.57870545308311, 2.7085285776401307, 4.94289138723249, 2.6220843948982804, 0.6961641316460799, 1.0467655037797987, 3.769380877770944, 0.6268588518301711, 1.2239999464429712, 0.8751099966564849, 1.6873293260842441, 2.3141178250393146, 1.2841062086785697, 1.1198702951721171, 2.43454836440945, 3.266548005884462, 5.484151624658015, 1.0037279391590266, 0.6476138749014073, 0.6165163763395184, 1.7874005023669481, 150.51758239217665]
APTIDAO: 
26.96478294174827GEN: 6300
Individuo: 
[1.214495372463291, 1.1264485098219865, 2.975895622543643, 2.952143123315177, 2.998260518457365, 0.5668396447360705, 0.4564239045954531, 0.4619607189034221, 0.6182568295500336, 0.5213082492659304, 0.7764219149705892, 0.1473844253391303, 4.519128181433951, 3.4633975082959583, 4.182076271766336, 10.634673921195205, 24.57870545308311, 2.7085285776401307, 4.083474480879198, 2.6220843948982804, 0.6961641316460799, 1.0467655037797987, 3.769380877770944, 0.6268588518301711, 1.2239999464429712, 0.8751099966564849, 1.6873293260842441, 2.3141178250393146, 1.2841062086785697, 1.1198702951721171, 2.43454836440945, 3.266548005884462, 3.529928570767348, 0.8650888106203379, 0.6476138749014073, 0.6165163763395184, 1.7874005023669481, 84.36294231189405]
APTIDAO: 
26.96478294174827GEN: 6400
Individuo: 
[1.214495372463291, 1.1264485098219865, 2.975895622543643, 2.952143123315177, 2.998260518457365, 0.5668396447360705, 0.4564239045954531, 0.4619607189034221, 0.6182568295500336, 0.5213082492659304, 0.7764219149705892, 0.1473844253391303, 4.519128181433951, 3.4176424109562693, 4.182076271766336, 10.57912993958073, 24.57870545308311, 2.7085285776401307, 4.083474480879198, 2.6220843948982804, 0.6961641316460799, 1.0467655037797987, 3.769380877770944, 0.6268588518301711, 1.2239999464429712, 0.8751099966564849, 1.6873293260842441, 2.3141178250393146, 1.2841062086785697, 1.1198702951721171, 2.43454836440945, 3.266548005884462, 3.8783619857358174, 0.8650888106203379, 1.0101409436509574, 0.6165163763395184, 1.7874005023669481, 84.36294231189405]
APTIDAO: 
26.96478294174827GEN: 6500
Individuo: 
[1.214495372463291, 1.1264485098219865, 2.975895622543643, 2.952143123315177, 2.998260518457365, 0.5668396447360705, 0.4564239045954531, 0.4619607189034221, 0.6182568295500336, 0.5213082492659304, 0.7764219149705892, 0.14770481090200496, 4.519128181433951, 3.4176424109562693, 4.182076271766336, 10.57912993958073, 24.57870545308311, 2.7085285776401307, 4.083474480879198, 2.6220843948982804, 0.6961641316460799, 1.0467655037797987, 3.769380877770944, 0.6268588518301711, 1.2239999464429712, 0.8751099966564849, 1.6873293260842441, 2.3141178250393146, 1.2841062086785697, 1.1198702951721171, 3.345152852219644, 3.266548005884462, 3.8783619857358174, 0.8650888106203379, 1.0101409436509574, 0.6165163763395184, 1.7874005023669481, 84.36294231189405]
APTIDAO: 
26.963977238093413GEN: 6600
Individuo: 
[1.214495372463291, 1.1264485098219865, 2.975895622543643, 2.952143123315177, 2.998260518457365, 0.5668396447360705, 0.4564239045954531, 0.4619607189034221, 0.6182568295500336, 0.5213082492659304, 0.7764219149705892, 0.14770481090200496, 4.519128181433951, 3.4176424109562693, 4.182076271766336, 10.57912993958073, 24.57870545308311, 2.7085285776401307, 4.083474480879198, 2.6220843948982804, 0.6961641316460799, 1.0467655037797987, 3.769380877770944, 0.6268588518301711, 1.2239999464429712, 0.8751099966564849, 1.6873293260842441, 2.3141178250393146, 1.2841062086785697, 1.1198702951721171, 3.345152852219644, 3.266548005884462, 3.8783619857358174, 0.8650888106203379, 1.0101409436509574, 0.6165163763395184, 1.7874005023669481, 84.36294231189405]
APTIDAO: 
26.963977238093413GEN: 6700
Individuo: 
[1.214495372463291, 1.1264485098219865, 2.975895622543643, 2.952143123315177, 2.998260518457365, 0.5668396447360705, 0.4564239045954531, 0.4619607189034221, 0.6182568295500336, 0.5213082492659304, 0.7764219149705892, 0.1481783005592718, 4.519128181433951, 3.4176424109562693, 4.182076271766336, 10.57912993958073, 24.842961074692305, 2.3138269818117707, 4.703567215312797, 2.6220843948982804, 0.6961641316460799, 1.0467655037797987, 3.769380877770944, 0.6268588518301711, 1.2239999464429712, 0.8751099966564849, 1.6873293260842441, 2.3141178250393146, 1.2841062086785697, 1.1198702951721171, 2.7517292323306894, 3.266548005884462, 3.8783619857358174, 0.8650888106203379, 1.0101409436509574, 0.6318727484662756, 1.8313196539383039, 39.39022581611428]
APTIDAO: 
26.96277899598667GEN: 6800
Individuo: 
[1.214495372463291, 1.1264485098219865, 2.975895622543643, 2.952143123315177, 2.998260518457365, 0.5668396447360705, 0.4564239045954531, 0.4619607189034221, 0.6182568295500336, 0.5213082492659304, 0.7764219149705892, 0.1481783005592718, 4.035676290655689, 3.045634026618107, 4.440459589847355, 10.57912993958073, 24.842961074692305, 2.3138269818117707, 4.430659013858061, 2.6220843948982804, 0.6961641316460799, 1.0467655037797987, 3.769380877770944, 0.6268588518301711, 1.2239999464429712, 0.8751099966564849, 1.6873293260842441, 2.3141178250393146, 1.2841062086785697, 1.1198702951721171, 2.7517292323306894, 4.224443716791825, 2.351718679800104, 0.9639089282957257, 1.0101409436509574, 0.6318727484662756, 1.8313196539383039, 113.78033566783434]
APTIDAO: 
26.96277899598667GEN: 6900
Individuo: 
[1.214495372463291, 1.1264485098219865, 2.975895622543643, 2.952143123315177, 2.998260518457365, 0.5668396447360705, 0.4564239045954531, 0.4619607189034221, 0.6182568295500336, 0.5213082492659304, 0.7764219149705892, 0.1481783005592718, 4.2165002178223805, 3.045634026618107, 4.505261393211123, 10.786895304778508, 24.842961074692305, 2.683633855830376, 4.430659013858061, 2.6220843948982804, 0.6961641316460799, 1.0467655037797987, 3.769380877770944, 0.6268588518301711, 1.2239999464429712, 0.8751099966564849, 1.6873293260842441, 2.3141178250393146, 1.2841062086785697, 1.1198702951721171, 2.7517292323306894, 2.8182760084360314, 2.351718679800104, 0.8253049863004461, 0.8286768464800123, 0.6318727484662756, 1.7680251852361017, 113.78033566783434]
APTIDAO: 
26.96277899598667GEN: 7000
Individuo: 
[1.214495372463291, 1.1264485098219865, 2.975895622543643, 2.952143123315177, 2.998260518457365, 0.5667609088067567, 0.4564239045954531, 0.4619607189034221, 0.6182568295500336, 0.5213082492659304, 0.7764219149705892, 0.1481783005592718, 4.2165002178223805, 3.045634026618107, 4.416715360548943, 10.786895304778508, 24.842961074692305, 2.2151844333996054, 4.430659013858061, 2.6220843948982804, 0.6961641316460799, 1.0467655037797987, 3.769380877770944, 0.6268588518301711, 1.157330806476013, 0.8751099966564849, 1.6873293260842441, 2.3141178250393146, 1.2841062086785697, 1.1198702951721171, 2.7517292323306894, 2.8182760084360314, 2.351718679800104, 0.5815993097106628, 0.8286768464800123, 0.6318727484662756, 1.9564746310239454, 113.78033566783434]
APTIDAO: 
26.962665849091138GEN: 7100
Individuo: 
[1.214495372463291, 1.1264485098219865, 2.975895622543643, 2.952143123315177, 2.998260518457365, 0.5667609088067567, 0.4564239045954531, 0.4619607189034221, 0.6182568295500336, 0.5213082492659304, 0.7764219149705892, 0.1481783005592718, 4.662193124914064, 3.045634026618107, 4.416715360548943, 10.786895304778508, 24.842961074692305, 2.737290120185057, 4.246672746433576, 2.6220843948982804, 0.6961641316460799, 1.0467655037797987, 3.769380877770944, 0.6268588518301711, 1.157330806476013, 0.8751099966564849, 1.6873293260842441, 2.3141178250393146, 1.2841062086785697, 1.1198702951721171, 2.7517292323306894, 1.5720080984111593, 2.351718679800104, 0.5815993097106628, 0.8286768464800123, 0.6318727484662756, 1.570591443507144, 129.9410297432284]
APTIDAO: 
26.962665849091138GEN: 7200
Individuo: 
[1.214495372463291, 1.1264485098219865, 2.975895622543643, 2.952143123315177, 2.998260518457365, 0.5667609088067567, 0.4564239045954531, 0.4619607189034221, 0.6182568295500336, 0.5213082492659304, 0.7764219149705892, 0.1481783005592718, 4.662193124914064, 3.045634026618107, 4.416715360548943, 10.786895304778508, 24.842961074692305, 2.737290120185057, 4.246672746433576, 2.6220843948982804, 0.6961641316460799, 1.0467655037797987, 3.769380877770944, 0.6268588518301711, 1.157330806476013, 0.8751099966564849, 1.6873293260842441, 2.3141178250393146, 1.2841062086785697, 1.1198702951721171, 2.7517292323306894, 1.5720080984111593, 2.351718679800104, 0.5815993097106628, 0.8286768464800123, 0.6318727484662756, 1.570591443507144, 129.9410297432284]
APTIDAO: 
26.962665849091138GEN: 7300
Individuo: 
[1.214495372463291, 1.1264485098219865, 2.975895622543643, 2.952143123315177, 2.998260518457365, 0.5667609088067567, 0.4564239045954531, 0.4619607189034221, 0.6182568295500336, 0.5213082492659304, 0.7764219149705892, 0.1481783005592718, 4.662193124914064, 3.045634026618107, 4.416715360548943, 10.786895304778508, 24.842961074692305, 2.737290120185057, 4.246672746433576, 2.6220843948982804, 0.6961641316460799, 1.0467655037797987, 3.769380877770944, 0.6268588518301711, 1.157330806476013, 0.8751099966564849, 1.6873293260842441, 2.3141178250393146, 1.2841062086785697, 1.1198702951721171, 2.7517292323306894, 1.5720080984111593, 2.351718679800104, 0.5815993097106628, 0.8286768464800123, 0.6318727484662756, 1.570591443507144, 129.9410297432284]
APTIDAO: 
26.962665849091138GEN: 7400
Individuo: 
[1.214495372463291, 1.1264485098219865, 2.975895622543643, 2.952143123315177, 2.998260518457365, 0.5667609088067567, 0.45789426917957826, 0.4619607189034221, 0.6182568295500336, 0.5213082492659304, 0.7764219149705892, 0.1481783005592718, 4.662193124914064, 3.3795960954100415, 4.416715360548943, 10.594922746557362, 24.842961074692305, 2.737290120185057, 4.246672746433576, 2.6220843948982804, 0.6961641316460799, 1.0467655037797987, 3.769380877770944, 0.6268588518301711, 1.157330806476013, 0.8601095158496566, 1.6873293260842441, 2.3141178250393146, 1.2841062086785697, 1.1198702951721171, 2.7517292323306894, 1.5720080984111593, 1.7214136976664038, 0.5815993097106628, 1.1210138220966341, 0.6318727484662756, 1.570591443507144, 129.9410297432284]
APTIDAO: 
26.96236766948688GEN: 7500
Individuo: 
[1.214495372463291, 1.1264485098219865, 2.975895622543643, 2.952143123315177, 2.998260518457365, 0.5667609088067567, 0.45789426917957826, 0.4619607189034221, 0.6182568295500336, 0.5213082492659304, 0.7735759049608655, 0.1481783005592718, 4.662193124914064, 3.4575967115333572, 4.254595515976899, 10.594922746557362, 24.842961074692305, 2.737290120185057, 4.246672746433576, 2.6220843948982804, 0.6961641316460799, 1.0467655037797987, 3.769380877770944, 0.6268588518301711, 1.157330806476013, 0.8601095158496566, 1.6873293260842441, 2.3141178250393146, 1.2841062086785697, 1.254257133401495, 2.7517292323306894, 1.5720080984111593, 1.2993115365986585, 0.6690489952910895, 1.1210138220966341, 0.6318727484662756, 1.570591443507144, 129.9410297432284]
APTIDAO: 
26.947499723833445GEN: 7600
Individuo: 
[1.214495372463291, 1.1264485098219865, 2.975895622543643, 2.952143123315177, 2.998260518457365, 0.5667609088067567, 0.45789426917957826, 0.4619607189034221, 0.6182568295500336, 0.5213082492659304, 0.7735759049608655, 0.1481783005592718, 4.662193124914064, 3.137480225079328, 4.254595515976899, 10.594922746557362, 24.842961074692305, 2.526263598478117, 4.246672746433576, 2.6220843948982804, 0.6961641316460799, 1.0467655037797987, 3.769380877770944, 0.6268588518301711, 1.157330806476013, 0.8601095158496566, 1.6873293260842441, 2.3141178250393146, 1.2841062086785697, 1.254257133401495, 2.7517292323306894, 1.5720080984111593, 0.9188485756377359, 0.6690489952910895, 1.1210138220966341, 0.6318727484662756, 0.8218585141452182, 129.9410297432284]
APTIDAO: 
26.947499723833445GEN: 7700
Individuo: 
[1.214495372463291, 1.1264485098219865, 2.975895622543643, 2.952143123315177, 2.998260518457365, 0.5667609088067567, 0.45789426917957826, 0.4619607189034221, 0.6182568295500336, 0.5213082492659304, 0.7735759049608655, 0.148901069641937, 4.917236620128065, 3.6772541587384713, 4.254595515976899, 10.353638133179095, 24.842961074692305, 2.086657138570128, 4.246672746433576, 2.6220843948982804, 0.6961641316460799, 1.0467655037797987, 3.769380877770944, 0.6268588518301711, 1.157330806476013, 0.8601095158496566, 1.6873293260842441, 2.3141178250393146, 1.2841062086785697, 1.254257133401495, 2.069274533138734, 1.8967560038115314, 2.315072777167422, 0.6690489952910895, 1.256663681304909, 0.6318727484662756, 0.6690299324081446, 129.9410297432284]
APTIDAO: 
26.941705945003555