    0         0         0         0         0
    0.7071    0.5072    0.1792    0.0000    1.0143
    1.4141    0.7571    0.4145    0.0003    1.5143
    2.1212    0.8803    0.6544    0.0066    1.7605
    2.8283    0.9410    0.8868    0.0405    1.8820
    3.5354    0.9709    1.1074    0.1376    1.9417
    4.2424    0.9857    1.3131    0.3231    1.9640
    4.9495    0.9930    1.4814    0.5922    1.8858
    5.6566    0.9965    1.5478    0.9029    1.5325
    6.3636    0.9983    1.5150    1.1992    1.0406
    7.0707    0.9992    1.4418    1.4505    0.6497
    7.7778    0.9996    1.3578    1.6475    0.3987
    8.4848    0.9998    1.2734    1.7903    0.2500
    9.1919    0.9999    1.1919    1.8834    0.1650
    9.8990    1.0000    1.1147    1.9329    0.1176
   10.6061    1.0000    1.0420    1.9460    0.0923
   11.3131    1.0000    0.9741    1.9298    0.0801
   12.0202    1.0000    0.9109    1.8910    0.0762
   12.7273    1.0000    0.8524    1.8354    0.0781
   13.4343    1.0000    0.7984    1.7680    0.0847
   14.1414    1.0000    0.7490    1.6929    0.0958
   14.8485    1.0000    0.7043    1.6133    0.1115
   15.5556    1.0000    0.6644    1.5318    0.1325
   16.2626    1.0000    0.6297    1.4503    0.1596
   16.9697    1.0000    0.6007    1.3703    0.1940
   17.6768    1.0000    0.5780    1.2927    0.2366
   18.3838    1.0000    0.5626    1.2186    0.2887
   19.0909    1.0000    0.5555    1.1484    0.3508
   19.7980    1.0000    0.5578    1.0828    0.4233
   20.5051    1.0000    0.5705    1.0224    0.5054
   21.2121    1.0000    0.5944    0.9679    0.5949
   21.9192    1.0000    0.6297    0.9204    0.6883
   22.6263    1.0000    0.6754    0.8814    0.7801
   23.3333    1.0000    0.7295    0.8529    0.8633
   24.0404    1.0000    0.7885    0.8372    0.9298
   24.7475    1.0000    0.8478    0.8361    0.9719
   25.4545    1.0000    0.9024    0.8507    0.9835
   26.1616    1.0000    0.9471    0.8799    0.9620
   26.8687    1.0000    0.9787    0.9202    0.9110
   27.5758    1.0000    0.9961    0.9664    0.8395
   28.2828    1.0000    1.0003    1.0137    0.7584
   28.9899    1.0000    0.9935    1.0572    0.6785
   29.6970    1.0000    0.9790    1.0936    0.6084
   30.4040    1.0000    0.9595    1.1213    0.5510
   31.1111    1.0000    0.9370    1.1397    0.5082
   31.8182    1.0000    0.9136    1.1493    0.4783
   32.5253    1.0000    0.8903    1.1505    0.4609
   33.2323    1.0000    0.8686    1.1451    0.4536
   33.9394    1.0000    0.8490    1.1338    0.4557
   34.6465    1.0000    0.8325    1.1184    0.4654
   35.3535    1.0000    0.8194    1.1003    0.4815
   36.0606    1.0000    0.8102    1.0804    0.5030
   36.7677    1.0000    0.8050    1.0601    0.5285
   37.4747    1.0000    0.8039    1.0405    0.5567
   38.1818    1.0000    0.8066    1.0224    0.5860
   38.8889    1.0000    0.8130    1.0067    0.6148
   39.5960    1.0000    0.8223    0.9939    0.6417
   40.3030    1.0000    0.8337    0.9847    0.6647
   41.0101    1.0000    0.8464    0.9793    0.6827
   41.7172    1.0000    0.8594    0.9778    0.6947
   42.4242    1.0000    0.8717    0.9798    0.7002
   43.1313    1.0000    0.8825    0.9851    0.6993
   43.8384    1.0000    0.8913    0.9930    0.6925
   44.5455    1.0000    0.8976    1.0024    0.6814
   45.2525    1.0000    0.9014    1.0131    0.6665
   45.9596    1.0000    0.9026    1.0236    0.6501
   46.6667    1.0000    0.9014    1.0335    0.6330
   47.3737    1.0000    0.8984    1.0420    0.6172
   48.0808    1.0000    0.8939    1.0489    0.6030
   48.7879    1.0000    0.8885    1.0537    0.5915
   49.4949    1.0000    0.8825    1.0565    0.5829
   50.2020    1.0000    0.8764    1.0573    0.5773
   50.9091    1.0000    0.8707    1.0565    0.5745
   51.6162    1.0000    0.8655    1.0540    0.5746
   52.3232    1.0000    0.8611    1.0503    0.5771
   53.0303    1.0000    0.8577    1.0460    0.5814
   53.7374    1.0000    0.8555    1.0410    0.5875
   54.4444    1.0000    0.8543    1.0359    0.5947
   55.1515    1.0000    0.8542    1.0309    0.6024
   55.8586    1.0000    0.8552    1.0264    0.6102
   56.5657    1.0000    0.8570    1.0226    0.6175
   57.2727    1.0000    0.8595    1.0196    0.6241
   57.9798    1.0000    0.8624    1.0176    0.6293
   58.6869    1.0000    0.8655    1.0166    0.6332
   59.3939    1.0000    0.8686    1.0166    0.6356
   60.1010    1.0000    0.8715    1.0172    0.6365
   60.8081    1.0000    0.8739    1.0186    0.6361
   61.5152    1.0000    0.8759    1.0206    0.6343
   62.2222    1.0000    0.8774    1.0231    0.6314
   62.9293    1.0000    0.8783    1.0256    0.6281
   63.6364    1.0000    0.8786    1.0281    0.6242
   64.3434    1.0000    0.8783    1.0306    0.6200
   65.0505    1.0000    0.8776    1.0327    0.6162
   65.7576    1.0000    0.8766    1.0344    0.6127
   66.4646    1.0000    0.8751    1.0357    0.6097
   67.1717    1.0000    0.8737    1.0364    0.6074
   67.8788    1.0000    0.8722    1.0367    0.6058
   68.5859    1.0000    0.8707    1.0366    0.6050
   69.2929    1.0000    0.8693    1.0360    0.6050
   70.0000    1.0000    0.8681    1.0351    0.6055