         0         0         0         0    6.1492         0
    0.8772    0.0000    0.0001    0.0001    0.0001    0.0149
    1.7544    0.0000    0.0003    0.0015    0.0014    0.1788
    2.6316    0.0001    0.0006    0.0051    0.0049    0.6072
    3.5088    0.0001    0.0008    0.0109    0.0109    1.2996
    4.3860    0.0001    0.0009    0.0183    0.0189    2.1698
    5.2632    0.0002    0.0009    0.0262    0.0283    3.1075
    6.1404    0.0002    0.0009    0.0340    0.0383    4.0289
    7.0175    0.0002    0.0008    0.0413    0.0485    4.8927
    7.8947    0.0002    0.0008    0.0481    0.0588    5.6907
    8.7719    0.0002    0.0008    0.0544    0.0691    6.4322
    9.6491    0.0003    0.0007    0.0604    0.0796    7.1328
   10.5263    0.0003    0.0007    0.0663    0.0906    7.8085
   11.4035    0.0003    0.0007    0.0720    0.1022    8.4728
   12.2807    0.0003    0.0007    0.0777    0.1148    9.1359
   13.1579    0.0003    0.0008    0.0836    0.1286    9.8050
   14.0351    0.0003    0.0008    0.0895    0.1440   10.4846
   14.9123    0.0003    0.0008    0.0956    0.1611   11.1769
   15.7895    0.0004    0.0008    0.1019    0.1804   11.8821
   16.6667    0.0004    0.0009    0.1083    0.2022   12.5991
   17.5439    0.0004    0.0009    0.1149    0.2270   13.3253
   18.4211    0.0004    0.0009    0.1217    0.2553   14.0572
   19.2982    0.0004    0.0009    0.1286    0.2876   14.7905
   20.1754    0.0004    0.0009    0.1356    0.3247   15.5199
   21.0526    0.0004    0.0010    0.1427    0.3671   16.2398
   21.9298    0.0004    0.0010    0.1500    0.4157   16.9438
   22.8070    0.0004    0.0010    0.1572    0.4713   17.6252
   23.6842    0.0004    0.0010    0.1646    0.5346   18.2773
   24.5614    0.0004    0.0010    0.1719    0.6063   18.8933
   25.4386    0.0004    0.0010    0.1793    0.6868   19.4674
   26.3158    0.0004    0.0010    0.1867    0.7763   19.9952
   27.1930    0.0004    0.0010    0.1941    0.8745   20.4739
   28.0702    0.0004    0.0010    0.2014    0.9808   20.9026
   28.9474    0.0004    0.0010    0.2087    1.0943   21.2827
   29.8246    0.0004    0.0010    0.2160    1.2139   21.6169
   30.7018    0.0004    0.0010    0.2232    1.3384   21.9091
   31.5789    0.0004    0.0010    0.2304    1.4666   22.1638
   32.4561    0.0004    0.0010    0.2374    1.5973   22.3857
   33.3333    0.0004    0.0010    0.2445    1.7296   22.5791
   34.2105    0.0004    0.0010    0.2514    1.8628   22.7480
   35.0877    0.0004    0.0010    0.2582    1.9961   22.8959
   35.9649    0.0004    0.0010    0.2650    2.1288   23.0264
   36.8421    0.0004    0.0010    0.2717    2.2609   23.1413
   37.7193    0.0004    0.0010    0.2783    2.3915   23.2436
   38.5965    0.0004    0.0010    0.2848    2.5209   23.3343
   39.4737    0.0004    0.0010    0.2912    2.6485   23.4157
   40.3509    0.0004    0.0010    0.2975    2.7743   23.4890
   41.2281    0.0004    0.0010    0.3037    2.8982   23.5547
   42.1053    0.0004    0.0010    0.3099    3.0203   23.6134
   42.9825    0.0004    0.0010    0.3159    3.1403   23.6668
   43.8596    0.0004    0.0010    0.3219    3.2582   23.7158
   44.7368    0.0004    0.0010    0.3277    3.3737   23.7609
   45.6140    0.0004    0.0010    0.3335    3.4871   23.8024
   46.4912    0.0004    0.0010    0.3391    3.5983   23.8409
   47.3684    0.0004    0.0010    0.3447    3.7072   23.8767
   48.2456    0.0004    0.0010    0.3501    3.8139   23.9097
   49.1228    0.0004    0.0010    0.3555    3.9186   23.9403
   50.0000    0.0004    0.0010    0.3608    4.0213   23.9687
   50.8772    0.0004    0.0010    0.3660    4.1218   23.9951
   51.7544    0.0004    0.0009    0.3711    4.2203   24.0198
   52.6316    0.0004    0.0009    0.3761    4.3168   24.0427
   53.5088    0.0004    0.0009    0.3810    4.4113   24.0639
   54.3860    0.0004    0.0009    0.3858    4.5039   24.0839
   55.2632    0.0004    0.0009    0.3906    4.5945   24.1027
   56.1404    0.0004    0.0009    0.3952    4.6831   24.1206
   57.0175    0.0004    0.0009    0.3998    4.7697   24.1376
   57.8947    0.0004    0.0009    0.4042    4.8546   24.1533
   58.7719    0.0004    0.0009    0.4086    4.9377   24.1677
   59.6491    0.0004    0.0009    0.4129    5.0190   24.1815
   60.5263    0.0004    0.0009    0.4171    5.0985   24.1947
   61.4035    0.0004    0.0009    0.4212    5.1762   24.2073
   62.2807    0.0003    0.0009    0.4253    5.2521   24.2194
   63.1579    0.0003    0.0009    0.4293    5.3263   24.2308
   64.0351    0.0003    0.0009    0.4331    5.3990   24.2411
   64.9123    0.0003    0.0009    0.4369    5.4701   24.2509
   65.7895    0.0003    0.0009    0.4407    5.5395   24.2603
   66.6667    0.0003    0.0009    0.4443    5.6073   24.2694
   67.5439    0.0003    0.0008    0.4479    5.6735   24.2782
   68.4211    0.0003    0.0008    0.4514    5.7381   24.2868
   69.2982    0.0003    0.0008    0.4548    5.8011   24.2947
   70.1754    0.0003    0.0008    0.4581    5.8628   24.3019
   71.0526    0.0003    0.0008    0.4614    5.9231   24.3087
   71.9298    0.0003    0.0008    0.4646    5.9819   24.3153
   72.8070    0.0003    0.0008    0.4677    6.0393   24.3216
   73.6842    0.0003    0.0008    0.4707    6.0953   24.3278
   74.5614    0.0003    0.0008    0.4737    6.1498   24.3339
   75.4386    0.0003    0.0008    0.4766    6.2029   24.3398
   76.3158    0.0003    0.0008    0.4794    6.2546   24.3453
   77.1930    0.0003    0.0008    0.4822    6.3051   24.3501
   78.0702    0.0003    0.0008    0.4849    6.3544   24.3547
   78.9474    0.0003    0.0008    0.4875    6.4025   24.3591
   79.8246    0.0003    0.0008    0.4901    6.4493   24.3634
   80.7018    0.0003    0.0008    0.4926    6.4949   24.3676
   81.5789    0.0003    0.0008    0.4950    6.5392   24.3716
   82.4561    0.0003    0.0008    0.4974    6.5823   24.3756
   83.3333    0.0003    0.0008    0.4997    6.6241   24.3795
   84.2105    0.0003    0.0008    0.5020    6.6648   24.3833
   85.0877    0.0003    0.0007    0.5041    6.7042   24.3866
   85.9649    0.0003    0.0007    0.5063    6.7427   24.3896
   86.8421    0.0003    0.0007    0.5083    6.7801   24.3924
   87.7193    0.0003    0.0007    0.5103    6.8165   24.3951
   88.5965    0.0003    0.0007    0.5123    6.8518   24.3977
   89.4737    0.0003    0.0007    0.5142    6.8861   24.4003
   90.3509    0.0003    0.0007    0.5160    6.9194   24.4027
   91.2281    0.0003    0.0007    0.5178    6.9516   24.4051
   92.1053    0.0003    0.0007    0.5195    6.9828   24.4075
   92.9825    0.0003    0.0007    0.5212    7.0129   24.4097
   93.8596    0.0003    0.0007    0.5228    7.0420   24.4120
   94.7368    0.0003    0.0007    0.5244    7.0701   24.4142
   95.6140    0.0003    0.0007    0.5259    7.0972   24.4159
   96.4912    0.0003    0.0007    0.5274    7.1234   24.4174
   97.3684    0.0003    0.0007    0.5288    7.1489   24.4189
   98.2456    0.0003    0.0007    0.5301    7.1734   24.4203
   99.1228    0.0003    0.0007    0.5315    7.1972   24.4216
  100.0000    0.0003    0.0007    0.5327    7.2201   24.4229
  100.8772    0.0003    0.0007    0.5340    7.2422   24.4241
  101.7544    0.0003    0.0007    0.5351    7.2634   24.4253
  102.6316    0.0003    0.0007    0.5363    7.2838   24.4264
  103.5088    0.0003    0.0007    0.5374    7.3033   24.4275
  104.3860    0.0003    0.0007    0.5384    7.3220   24.4286
  105.2632    0.0003    0.0006    0.5394    7.3399   24.4296
  106.1404    0.0003    0.0006    0.5404    7.3570   24.4306
  107.0175    0.0003    0.0006    0.5413    7.3732   24.4315
  107.8947    0.0003    0.0006    0.5421    7.3885   24.4322
  108.7719    0.0003    0.0006    0.5429    7.4031   24.4327
  109.6491    0.0002    0.0006    0.5437    7.4171   24.4332
  110.5263    0.0002    0.0006    0.5444    7.4304   24.4336
  111.4035    0.0002    0.0006    0.5452    7.4431   24.4339
  112.2807    0.0002    0.0006    0.5458    7.4551   24.4342
  113.1579    0.0002    0.0006    0.5464    7.4665   24.4345
  114.0351    0.0002    0.0006    0.5470    7.4773   24.4348
  114.9123    0.0002    0.0006    0.5476    7.4874   24.4349
  115.7895    0.0002    0.0006    0.5481    7.4969   24.4351
  116.6667    0.0002    0.0006    0.5486    7.5058   24.4352
  117.5439    0.0002    0.0006    0.5491    7.5140   24.4353
  118.4211    0.0002    0.0006    0.5495    7.5215   24.4354
  119.2982    0.0002    0.0006    0.5499    7.5284   24.4354
  120.1754    0.0002    0.0006    0.5502    7.5347   24.4354
  121.0526    0.0002    0.0006    0.5505    7.5404   24.4353
  121.9298    0.0002    0.0006    0.5508    7.5454   24.4353
  122.8070    0.0002    0.0006    0.5510    7.5497   24.4352
  123.6842    0.0002    0.0006    0.5512    7.5533   24.4348
  124.5614    0.0002    0.0006    0.5514    7.5564   24.4344
  125.4386    0.0002    0.0006    0.5515    7.5591   24.4340
  126.3158    0.0002    0.0006    0.5516    7.5613   24.4336
  127.1930    0.0002    0.0006    0.5517    7.5631   24.4331
  128.0702    0.0002    0.0006    0.5518    7.5644   24.4327
  128.9474    0.0002    0.0006    0.5518    7.5652   24.4321
  129.8246    0.0002    0.0005    0.5518    7.5656   24.4316
  130.7018    0.0002    0.0005    0.5518    7.5656   24.4310
  131.5789    0.0002    0.0005    0.5518    7.5650   24.4304
  132.4561    0.0002    0.0005    0.5517    7.5640   24.4298
  133.3333    0.0002    0.0005    0.5516    7.5626   24.4291
  134.2105    0.0002    0.0005    0.5515    7.5607   24.4284
  135.0877    0.0002    0.0005    0.5513    7.5583   24.4277
  135.9649    0.0002    0.0005    0.5512    7.5555   24.4269
  136.8421    0.0002    0.0005    0.5510    7.5522   24.4261
  137.7193    0.0002    0.0005    0.5507    7.5485   24.4253
  138.5965    0.0002    0.0005    0.5505    7.5443   24.4245
  139.4737    0.0002    0.0005    0.5502    7.5396   24.4236
  140.3509    0.0002    0.0005    0.5499    7.5345   24.4227
  141.2281    0.0002    0.0005    0.5496    7.5288   24.4217
  142.1053    0.0002    0.0005    0.5492    7.5227   24.4207
  142.9825    0.0002    0.0005    0.5488    7.5162   24.4196
  143.8596    0.0002    0.0005    0.5484    7.5095   24.4185
  144.7368    0.0002    0.0005    0.5480    7.5024   24.4174
  145.6140    0.0002    0.0005    0.5476    7.4950   24.4163
  146.4912    0.0002    0.0005    0.5472    7.4874   24.4151
  147.3684    0.0002    0.0005    0.5467    7.4794   24.4140
  148.2456    0.0002    0.0005    0.5462    7.4711   24.4128
  149.1228    0.0002    0.0005    0.5457    7.4625   24.4116
  150.0000    0.0002    0.0005    0.5452    7.4537   24.4104
  150.8772    0.0002    0.0005    0.5447    7.4445   24.4091
  151.7544    0.0002    0.0005    0.5441    7.4350   24.4078
  152.6316    0.0002    0.0005    0.5436    7.4252   24.4065
  153.5088    0.0002    0.0005    0.5430    7.4151   24.4052
  154.3860    0.0002    0.0005    0.5424    7.4047   24.4039
  155.2632    0.0002    0.0005    0.5418    7.3940   24.4025
  156.1404    0.0002    0.0005    0.5411    7.3831   24.4011
  157.0175    0.0002    0.0005    0.5405    7.3718   24.3997
  157.8947    0.0002    0.0005    0.5398    7.3602   24.3982
  158.7719    0.0002    0.0005    0.5391    7.3483   24.3967
  159.6491    0.0002    0.0005    0.5384    7.3361   24.3952
  160.5263    0.0002    0.0005    0.5377    7.3236   24.3936
  161.4035    0.0002    0.0005    0.5370    7.3107   24.3920
  162.2807    0.0002    0.0005    0.5362    7.2974   24.3904
  163.1579    0.0002    0.0004    0.5355    7.2840   24.3888
  164.0351    0.0002    0.0004    0.5347    7.2704   24.3872
  164.9123    0.0002    0.0004    0.5339    7.2566   24.3855
  165.7895    0.0002    0.0004    0.5331    7.2427   24.3838
  166.6667    0.0002    0.0004    0.5323    7.2286   24.3822
  167.5439    0.0002    0.0004    0.5315    7.2143   24.3805
  168.4211    0.0002    0.0004    0.5307    7.1998   24.3788
  169.2982    0.0002    0.0004    0.5298    7.1851   24.3770
  170.1754    0.0002    0.0004    0.5290    7.1703   24.3753
  171.0526    0.0002    0.0004    0.5281    7.1553   24.3735
  171.9298    0.0002    0.0004    0.5273    7.1401   24.3717
  172.8070    0.0002    0.0004    0.5264    7.1247   24.3699
  173.6842    0.0002    0.0004    0.5255    7.1092   24.3681
  174.5614    0.0002    0.0004    0.5246    7.0935   24.3663
  175.4386    0.0002    0.0004    0.5237    7.0776   24.3644
  176.3158    0.0002    0.0004    0.5228    7.0615   24.3625
  177.1930    0.0002    0.0004    0.5219    7.0452   24.3606
  178.0702    0.0002    0.0004    0.5210    7.0288   24.3587
  178.9474    0.0002    0.0004    0.5201    7.0122   24.3567
  179.8246    0.0002    0.0004    0.5191    6.9954   24.3547
  180.7018    0.0002    0.0004    0.5181    6.9785   24.3527
  181.5789    0.0002    0.0004    0.5172    6.9613   24.3507
  182.4561    0.0002    0.0004    0.5162    6.9440   24.3486
  183.3333    0.0002    0.0004    0.5152    6.9263   24.3465
  184.2105    0.0002    0.0004    0.5142    6.9086   24.3444
  185.0877    0.0002    0.0004    0.5132    6.8909   24.3423
  185.9649    0.0002    0.0004    0.5122    6.8730   24.3402
  186.8421    0.0002    0.0004    0.5112    6.8550   24.3380
  187.7193    0.0002    0.0004    0.5102    6.8370   24.3359
  188.5965    0.0002    0.0004    0.5092    6.8189   24.3337
  189.4737    0.0002    0.0004    0.5082    6.8007   24.3316
  190.3509    0.0002    0.0004    0.5071    6.7824   24.3294
  191.2281    0.0002    0.0004    0.5061    6.7640   24.3272
  192.1053    0.0002    0.0004    0.5051    6.7456   24.3250
  192.9825    0.0002    0.0004    0.5040    6.7270   24.3228
  193.8596    0.0002    0.0004    0.5030    6.7084   24.3205
  194.7368    0.0002    0.0004    0.5020    6.6897   24.3183
  195.6140    0.0002    0.0004    0.5009    6.6709   24.3160
  196.4912    0.0002    0.0004    0.4999    6.6521   24.3137
  197.3684    0.0002    0.0004    0.4988    6.6331   24.3114
  198.2456    0.0001    0.0004    0.4977    6.6141   24.3091
  199.1228    0.0001    0.0004    0.4967    6.5950   24.3068
  200.0000    0.0001    0.0004    0.4956    6.5758   24.3044
  200.8772    0.0001    0.0004    0.4945    6.5565   24.3020
  201.7544    0.0001    0.0004    0.4935    6.5372   24.2996
  202.6316    0.0001    0.0004    0.4924    6.5177   24.2972
  203.5088    0.0001    0.0004    0.4913    6.4982   24.2948
  204.3860    0.0001    0.0004    0.4902    6.4786   24.2923
  205.2632    0.0001    0.0004    0.4891    6.4588   24.2898
  206.1404    0.0001    0.0004    0.4880    6.4390   24.2873
  207.0175    0.0001    0.0004    0.4869    6.4193   24.2847
  207.8947    0.0001    0.0004    0.4858    6.3995   24.2822
  208.7719    0.0001    0.0004    0.4847    6.3797   24.2796
  209.6491    0.0001    0.0004    0.4836    6.3598   24.2771
  210.5263    0.0001    0.0004    0.4825    6.3400   24.2745
  211.4035    0.0001    0.0004    0.4814    6.3202   24.2719
  212.2807    0.0001    0.0004    0.4803    6.3003   24.2693
  213.1579    0.0001    0.0004    0.4792    6.2804   24.2667
  214.0351    0.0001    0.0004    0.4781    6.2606   24.2641
  214.9123    0.0001    0.0004    0.4770    6.2407   24.2615
  215.7895    0.0001    0.0004    0.4760    6.2208   24.2589
  216.6667    0.0001    0.0003    0.4749    6.2008   24.2563
  217.5439    0.0001    0.0003    0.4738    6.1809   24.2536
  218.4211    0.0001    0.0003    0.4727    6.1610   24.2510
  219.2982    0.0001    0.0003    0.4716    6.1410   24.2483
  220.1754    0.0001    0.0003    0.4705    6.1210   24.2456
  221.0526    0.0001    0.0003    0.4694    6.1010   24.2429
  221.9298    0.0001    0.0003    0.4683    6.0810   24.2402
  222.8070    0.0001    0.0003    0.4672    6.0610   24.2375
  223.6842    0.0001    0.0003    0.4661    6.0410   24.2348
  224.5614    0.0001    0.0003    0.4650    6.0209   24.2321
  225.4386    0.0001    0.0003    0.4639    6.0009   24.2293
  226.3158    0.0001    0.0003    0.4628    5.9808   24.2265
  227.1930    0.0001    0.0003    0.4617    5.9607   24.2236
  228.0702    0.0001    0.0003    0.4606    5.9407   24.2207
  228.9474    0.0001    0.0003    0.4595    5.9207   24.2178
  229.8246    0.0001    0.0003    0.4584    5.9007   24.2149
  230.7018    0.0001    0.0003    0.4573    5.8807   24.2120
  231.5789    0.0001    0.0003    0.4563    5.8608   24.2091
  232.4561    0.0001    0.0003    0.4552    5.8410   24.2062
  233.3333    0.0001    0.0003    0.4541    5.8212   24.2032
  234.2105    0.0001    0.0003    0.4530    5.8014   24.2003
  235.0877    0.0001    0.0003    0.4519    5.7816   24.1974
  235.9649    0.0001    0.0003    0.4509    5.7619   24.1944
  236.8421    0.0001    0.0003    0.4498    5.7422   24.1915
  237.7193    0.0001    0.0003    0.4487    5.7226   24.1886
  238.5965    0.0001    0.0003    0.4477    5.7030   24.1856
  239.4737    0.0001    0.0003    0.4466    5.6834   24.1827
  240.3509    0.0001    0.0003    0.4456    5.6639   24.1797
  241.2281    0.0001    0.0003    0.4445    5.6444   24.1767
  242.1053    0.0001    0.0003    0.4435    5.6249   24.1738
  242.9825    0.0001    0.0003    0.4424    5.6055   24.1708
  243.8596    0.0001    0.0003    0.4414    5.5861   24.1678
  244.7368    0.0001    0.0003    0.4403    5.5668   24.1649
  245.6140    0.0001    0.0003    0.4393    5.5475   24.1619
  246.4912    0.0001    0.0003    0.4382    5.5282   24.1589
  247.3684    0.0001    0.0003    0.4372    5.5090   24.1560
  248.2456    0.0001    0.0003    0.4362    5.4898   24.1530
  249.1228    0.0001    0.0003    0.4351    5.4706   24.1498
  250.0000    0.0001    0.0003    0.4341    5.4516   24.1466
  250.8772    0.0001    0.0003    0.4331    5.4326   24.1434
  251.7544    0.0001    0.0003    0.4321    5.4137   24.1402
  252.6316    0.0001    0.0003    0.4311    5.3949   24.1370
  253.5088    0.0001    0.0003    0.4301    5.3761   24.1338
  254.3860    0.0001    0.0003    0.4291    5.3574   24.1307
  255.2632    0.0001    0.0003    0.4281    5.3388   24.1275
  256.1404    0.0001    0.0003    0.4271    5.3202   24.1243
  257.0175    0.0001    0.0003    0.4261    5.3018   24.1211
  257.8947    0.0001    0.0003    0.4251    5.2834   24.1179
  258.7719    0.0001    0.0003    0.4241    5.2650   24.1148
  259.6491    0.0001    0.0003    0.4231    5.2468   24.1116
  260.5263    0.0001    0.0003    0.4222    5.2286   24.1084
  261.4035    0.0001    0.0003    0.4212    5.2105   24.1053
  262.2807    0.0001    0.0003    0.4202    5.1924   24.1021
  263.1579    0.0001    0.0003    0.4193    5.1745   24.0990
  264.0351    0.0001    0.0003    0.4183    5.1566   24.0958
  264.9123    0.0001    0.0003    0.4174    5.1388   24.0927
  265.7895    0.0001    0.0003    0.4164    5.1210   24.0896
  266.6667    0.0001    0.0003    0.4155    5.1034   24.0864
  267.5439    0.0001    0.0003    0.4146    5.0858   24.0833
  268.4211    0.0001    0.0003    0.4136    5.0682   24.0802
  269.2982    0.0001    0.0003    0.4127    5.0508   24.0771
  270.1754    0.0001    0.0003    0.4118    5.0334   24.0740
  271.0526    0.0001    0.0003    0.4109    5.0161   24.0708
  271.9298    0.0001    0.0003    0.4100    4.9989   24.0675
  272.8070    0.0001    0.0003    0.4091    4.9819   24.0641
  273.6842    0.0001    0.0003    0.4082    4.9649   24.0608
  274.5614    0.0001    0.0003    0.4073    4.9481   24.0575
  275.4386    0.0001    0.0003    0.4064    4.9313   24.0542
  276.3158    0.0001    0.0003    0.4055    4.9146   24.0508
  277.1930    0.0001    0.0003    0.4046    4.8980   24.0475
  278.0702    0.0001    0.0003    0.4037    4.8815   24.0442
  278.9474    0.0001    0.0003    0.4029    4.8652   24.0409
  279.8246    0.0001    0.0003    0.4020    4.8489   24.0377
  280.7018    0.0001    0.0003    0.4012    4.8327   24.0344
  281.5789    0.0001    0.0003    0.4003    4.8166   24.0311
  282.4561    0.0001    0.0003    0.3995    4.8006   24.0279
  283.3333    0.0001    0.0003    0.3986    4.7847   24.0247
  284.2105    0.0001    0.0003    0.3978    4.7689   24.0214
  285.0877    0.0001    0.0003    0.3970    4.7532   24.0182
  285.9649    0.0001    0.0003    0.3961    4.7375   24.0150
  286.8421    0.0001    0.0003    0.3953    4.7220   24.0119
  287.7193    0.0001    0.0003    0.3945    4.7066   24.0087
  288.5965    0.0001    0.0003    0.3937    4.6913   24.0056
  289.4737    0.0001    0.0003    0.3929    4.6761   24.0024
  290.3509    0.0001    0.0003    0.3921    4.6609   23.9993
  291.2281    0.0001    0.0003    0.3913    4.6459   23.9963
  292.1053    0.0001    0.0003    0.3906    4.6309   23.9932
  292.9825    0.0001    0.0003    0.3898    4.6161   23.9902
  293.8596    0.0001    0.0003    0.3890    4.6014   23.9871
  294.7368    0.0001    0.0003    0.3883    4.5868   23.9839
  295.6140    0.0001    0.0003    0.3875    4.5723   23.9806
  296.4912    0.0001    0.0003    0.3867    4.5580   23.9773
  297.3684    0.0001    0.0003    0.3860    4.5438   23.9740
  298.2456    0.0001    0.0003    0.3853    4.5297   23.9708
  299.1228    0.0001    0.0003    0.3845    4.5157   23.9675
  300.0000    0.0001    0.0003    0.3838    4.5018   23.9643
  300.8772    0.0001    0.0003    0.3831    4.4880   23.9611
  301.7544    0.0001    0.0003    0.3824    4.4743   23.9579
  302.6316    0.0001    0.0003    0.3817    4.4607   23.9547
  303.5088    0.0001    0.0003    0.3810    4.4473   23.9515
  304.3860    0.0001    0.0003    0.3803    4.4339   23.9483
  305.2632    0.0001    0.0003    0.3796    4.4207   23.9452
  306.1404    0.0001    0.0003    0.3789    4.4075   23.9421
  307.0175    0.0001    0.0003    0.3782    4.3945   23.9390
  307.8947    0.0001    0.0003    0.3775    4.3816   23.9359
  308.7719    0.0001    0.0003    0.3769    4.3688   23.9329
  309.6491    0.0001    0.0003    0.3762    4.3561   23.9299
  310.5263    0.0001    0.0003    0.3756    4.3435   23.9269
  311.4035    0.0001    0.0003    0.3749    4.3310   23.9239
  312.2807    0.0001    0.0003    0.3743    4.3187   23.9210
  313.1579    0.0001    0.0003    0.3736    4.3064   23.9180
  314.0351    0.0001    0.0003    0.3730    4.2943   23.9152
  314.9123    0.0001    0.0003    0.3724    4.2822   23.9123
  315.7895    0.0001    0.0003    0.3718    4.2703   23.9095
  316.6667    0.0001    0.0003    0.3712    4.2585   23.9067
  317.5439    0.0001    0.0003    0.3706    4.2468   23.9039
  318.4211    0.0001    0.0003    0.3700    4.2352   23.9012
  319.2982    0.0001    0.0003    0.3694    4.2237   23.8984
  320.1754    0.0001    0.0003    0.3688    4.2123   23.8957
  321.0526    0.0001    0.0003    0.3682    4.2012   23.8927
  321.9298    0.0001    0.0003    0.3676    4.1902   23.8898
  322.8070    0.0001    0.0003    0.3671    4.1792   23.8869
  323.6842    0.0001    0.0003    0.3665    4.1684   23.8840
  324.5614    0.0001    0.0003    0.3660    4.1577   23.8811
  325.4386    0.0001    0.0003    0.3654    4.1471   23.8782
  326.3158    0.0001    0.0003    0.3649    4.1367   23.8754
  327.1930    0.0001    0.0003    0.3643    4.1263   23.8725
  328.0702    0.0001    0.0003    0.3638    4.1160   23.8697
  328.9474    0.0001    0.0003    0.3633    4.1059   23.8670
  329.8246    0.0001    0.0003    0.3628    4.0959   23.8642
  330.7018    0.0001    0.0003    0.3622    4.0859   23.8615
  331.5789    0.0001    0.0003    0.3617    4.0761   23.8588
  332.4561    0.0001    0.0003    0.3612    4.0664   23.8562
  333.3333    0.0001    0.0003    0.3607    4.0568   23.8535
  334.2105    0.0001    0.0003    0.3603    4.0473   23.8509
  335.0877    0.0001    0.0003    0.3598    4.0379   23.8483
  335.9649    0.0001    0.0003    0.3593    4.0287   23.8458
  336.8421    0.0001    0.0003    0.3588    4.0195   23.8433
  337.7193    0.0001    0.0003    0.3584    4.0104   23.8408
  338.5965    0.0001    0.0003    0.3579    4.0015   23.8383
  339.4737    0.0001    0.0003    0.3574    3.9927   23.8359
  340.3509    0.0001    0.0003    0.3570    3.9839   23.8335
  341.2281    0.0001    0.0003    0.3566    3.9753   23.8312
  342.1053    0.0001    0.0003    0.3561    3.9668   23.8288
  342.9825    0.0001    0.0003    0.3557    3.9584   23.8266
  343.8596    0.0001    0.0003    0.3553    3.9502   23.8243
  344.7368    0.0001    0.0003    0.3549    3.9420   23.8221
  345.6140    0.0001    0.0003    0.3544    3.9339   23.8199
  346.4912    0.0001    0.0003    0.3540    3.9260   23.8178
  347.3684    0.0001    0.0003    0.3536    3.9181   23.8157
  348.2456    0.0001    0.0003    0.3532    3.9104   23.8136
  349.1228    0.0001    0.0003    0.3529    3.9028   23.8116
  350.0000    0.0001    0.0003    0.3525    3.8952   23.8097