        0    2.9954    1.4457    0.6073    0.0054    0.8264
    0.5035    2.9941    1.6471    0.7863    0.0116    0.7495
    1.0071    2.9928    1.8173    0.9712    0.0266    0.6777
    1.5106    2.9912    1.9552    1.1622    0.0588    0.6121
    2.0142    2.9891    2.0598    1.3591    0.1146    0.5546
    2.5177    2.9862    2.1302    1.5612    0.1966    0.5068
    3.0213    2.9820    2.1655    1.7673    0.3051    0.4706
    3.5248    2.9751    2.1652    1.9761    0.4393    0.4474
    4.0284    2.9617    2.1287    2.1857    0.5975    0.4382
    4.5319    2.9314    2.0553    2.3934    0.7780    0.4439
    5.0355    2.8604    1.9432    2.5952    0.9783    0.4650
    5.5390    2.7093    1.7882    2.7838    1.1951    0.5016
    6.0426    2.4442    1.5842    2.9486    1.4243    0.5539
    6.5461    2.0436    1.3249    3.0766    1.6605    0.6217
    7.0496    1.4949    1.0063    3.1537    1.8970    0.7043
    7.5532    0.7954    0.6316    3.1653    2.1257    0.8009
    8.0567    0.0048    0.2294    3.0977    2.3374    0.9100
    8.5603    0.0008    0.0096    2.9820    2.5226    1.0293
    9.0638    0.0008    0.0001    2.8518    2.6775    1.1565
    9.5674    0.0009    0.0000    2.7063    2.7994    1.2888
   10.0709    0.0009    0.0000    2.5453    2.8864    1.4234
   10.5745    0.0010    0.0000    2.3686    2.9365    1.5578
   11.0780    0.0011    0.0000    2.1768    2.9484    1.6890
   11.5816    0.0012    0.0000    1.9707    2.9212    1.8143
   12.0851    0.0014    0.0000    1.7515    2.8544    1.9311
   12.5887    0.0016    0.0001    1.5209    2.7481    2.0366
   13.0922    0.0020    0.0001    1.2811    2.6031    2.1284
   13.5957    0.0025    0.0001    1.0352    2.4206    2.2044
   14.0993    0.0036    0.0002    0.7872    2.2025    2.2623
   14.6028    0.0059    0.0004    0.5431    1.9516    2.3005
   15.1064    0.0130    0.0009    0.3138    1.6718    2.3174
   15.6099    0.0381    0.0028    0.1240    1.3689    2.3115
   16.1135    0.0959    0.0091    0.0236    1.0530    2.2822
   16.6170    0.1731    0.0230    0.0066    0.7377    2.2294
   17.1206    0.2591    0.0455    0.0080    0.4319    2.1538
   17.6241    0.3550    0.0772    0.0118    0.1414    2.0567
   18.1277    0.4642    0.1191    0.0170    0.0000    1.9422
   18.6312    0.5904    0.1726    0.0241    0.0000    1.8270
   19.1348    0.7378    0.2392    0.0338    0.0001    1.7144
   19.6383    0.9110    0.3209    0.0476    0.0001    1.6045
   20.1418    1.1147    0.4199    0.0674    0.0002    1.4973
   20.6454    1.3535    0.5383    0.0964    0.0003    1.3932
   21.1489    1.6315    0.6781    0.1388    0.0004    1.2922
   21.6525    1.9517    0.8411    0.2006    0.0007    1.1946
   22.1560    2.3145    1.0277    0.2884    0.0012    1.1006
   22.6596    2.7151    1.2374    0.4091    0.0021    1.0102
   23.1631    2.9958    1.4643    0.5657    0.0039    0.9238
   23.6667    2.9948    1.6733    0.7354    0.0078    0.8417
   24.1702    2.9937    1.8527    0.9111    0.0167    0.7643
   24.6738    2.9924    2.0013    1.0932    0.0374    0.6922
   25.1773    2.9908    2.1182    1.2819    0.0779    0.6270
   25.6809    2.9886    2.2020    1.4765    0.1432    0.5705
   26.1844    2.9856    2.2521    1.6764    0.2348    0.5243
   26.6879    2.9810    2.2675    1.8801    0.3526    0.4904
   27.1915    2.9735    2.2476    2.0861    0.4954    0.4699
   27.6950    2.9582    2.1921    2.2924    0.6617    0.4639
   28.1986    2.9227    2.0999    2.4963    0.8495    0.4731
   28.7021    2.8388    1.9690    2.6930    1.0559    0.4980
   29.2057    2.6661    1.7947    2.8746    1.2778    0.5387
   29.7092    2.3717    1.5704    3.0297    1.5107    0.5952
   30.2128    1.9360    1.2897    3.1448    1.7488    0.6673
   30.7163    1.3487    0.9495    3.2042    1.9843    0.7541
   31.2199    0.6103    0.5560    3.1952    2.2102    0.8548
   31.7234    0.0015    0.1558    3.1061    2.4159    0.9675
   32.2270    0.0008    0.0033    2.9834    2.5933    1.0900
   32.7305    0.0008    0.0000    2.8458    2.7392    1.2196
   33.2340    0.0009    0.0000    2.6927    2.8512    1.3535
   33.7376    0.0009    0.0000    2.5239    2.9271    1.4891
   34.2411    0.0010    0.0000    2.3396    2.9653    1.6235
   34.7447    0.0011    0.0000    2.1402    2.9645    1.7538
   35.2482    0.0012    0.0000    1.9268    2.9240    1.8773
   35.7518    0.0014    0.0000    1.7006    2.8435    1.9913
   36.2553    0.0017    0.0001    1.4637    2.7233    2.0932
   36.7589    0.0021    0.0001    1.2184    2.5643    2.1805
   37.2624    0.0028    0.0001    0.9681    2.3679    2.2512
   37.7660    0.0041    0.0002    0.7173    2.1365    2.3031
   38.2695    0.0072    0.0005    0.4732    1.8729    2.3345
   38.7730    0.0177    0.0012    0.2496    1.5817    2.3439
   39.2766    0.0527    0.0041    0.0798    1.2698    2.3301
   39.7801    0.1189    0.0125    0.0129    0.9491    2.2925
   40.2837    0.1993    0.0291    0.0064    0.6328    2.2315
   40.7872    0.2881    0.0544    0.0090    0.3279    2.1478
   41.2908    0.3878    0.0892    0.0132    0.0434    2.0429
   41.7943    0.5019    0.1346    0.0188    0.0000    1.9260
   42.2979    0.6344    0.1921    0.0265    0.0001    1.8112
   42.8014    0.7896    0.2633    0.0372    0.0001    1.6990
   43.3050    0.9721    0.3503    0.0524    0.0001    1.5894
   43.8085    1.1867    0.4553    0.0744    0.0002    1.4827
   44.3121    1.4380    0.5805    0.1067    0.0003    1.3790
   44.8156    1.7299    0.7279    0.1540    0.0005    1.2785
   45.3191    2.0650    0.8990    0.2225    0.0008    1.1813
   45.8227    2.4426    1.0940    0.3192    0.0014    1.0878
   46.3262    2.8527    1.3117    0.4506    0.0024    0.9980
   46.8298    2.9956    1.5382    0.6133    0.0046    0.9122
   47.3333    2.9946    1.7390    0.7833    0.0092    0.8307
   47.8369    2.9935    1.9101    0.9595    0.0201    0.7541
   48.3404    2.9921    2.0503    1.1424    0.0446    0.6831
   48.8440    2.9904    2.1585    1.3318    0.0904    0.6193
   49.3475    2.9881    2.2337    1.5270    0.1614    0.5645
   49.8511    2.9848    2.2750    1.7272    0.2589    0.5206
   50.3546    2.9799    2.2816    1.9311    0.3823    0.4891
   50.8582    2.9712    2.2529    2.1369    0.5304    0.4714
   51.3617    2.9533    2.1885    2.3425    0.7016    0.4684
   51.8652    2.9115    2.0873    2.5450    0.8937    0.4808
   52.3688    2.8137    1.9468    2.7390    1.1039    0.5089
   52.8723    2.6188    1.7617    2.9158    1.3286    0.5529
   53.3759    2.2975    1.5253    3.0635    1.5632    0.6127
   53.8794    1.8320    1.2316    3.1684    1.8016    0.6879
   54.3830    1.2136    0.8787    3.2150    2.0361    0.7777
   54.8865    0.4459    0.4758    3.1897    2.2587    0.8812
   55.3901    0.0012    0.0967    3.0881    2.4591    0.9962
   55.8936    0.0008    0.0012    2.9619    2.6303    1.1205
   56.3972    0.0008    0.0000    2.8206    2.7693    1.2514
   56.9007    0.0009    0.0000    2.6637    2.8739    1.3860
   57.4043    0.0009    0.0000    2.4911    2.9419    1.5217
   57.9078    0.0010    0.0000    2.3031    2.9719    1.6555
   58.4113    0.0011    0.0000    2.1001    2.9626    1.7848
   58.9149    0.0013    0.0000    1.8833    2.9134    1.9066
   59.4184    0.0015    0.0000    1.6542    2.8242    2.0183
   59.9220    0.0018    0.0001    1.4148    2.6954    2.1174
   60.4255    0.0022    0.0001    1.1676    2.5279    2.2014
   60.9291    0.0030    0.0001    0.9162    2.3235    2.2682
   61.4326    0.0045    0.0003    0.6655    2.0844    2.3158
   61.9362    0.0084    0.0006    0.4237    1.8140    2.3426
   62.4397    0.0223    0.0015    0.2073    1.5172    2.3471
   62.9433    0.0646    0.0053    0.0561    1.2016    2.3282
   63.4468    0.1353    0.0153    0.0093    0.8804    2.2855
   63.9504    0.2174    0.0337    0.0067    0.5655    2.2193
   64.4539    0.3083    0.0609    0.0097    0.2632    2.1308
   64.9574    0.4107    0.0979    0.0142    0.0008    2.0215
   65.4610    0.5285    0.1458    0.0202    0.0000    1.9047
   65.9645    0.6654    0.2060    0.0285    0.0001    1.7904
   66.4681    0.8261    0.2804    0.0400    0.0001    1.6786
   66.9716    1.0150    0.3711    0.0564    0.0001    1.5695
   67.4752    1.2371    0.4803    0.0801    0.0002    1.4634
   67.9787    1.4969    0.6101    0.1151    0.0003    1.3602
   68.4823    1.7981    0.7626    0.1662    0.0005    1.2603
   68.9858    2.1427    0.9388    0.2401    0.0009    1.1639
   69.4894    2.5291    1.1390    0.3435    0.0015    1.0710
   69.9929    2.9386    1.3613    0.4829    0.0028    0.9819
   70.4965    2.9954    1.5843    0.6481    0.0053    0.8969
   71.0000    2.9944    1.7790    0.8192    0.0107    0.8163